3LXPV4UWU3OK,1500.00,Valid,"04-Jan-2020 12:13 AM"
LS1KD5PMYU8K,1500.00,Valid,"04-Jan-2020 12:13 AM"
MNJ5HG5T1J40,1500.00,Valid,"04-Jan-2020 12:13 AM"
TVQ0X8SXX40K,1500.00,Valid,"04-Jan-2020 12:13 AM"
DCI4L1GWTB4G,1500.00,Valid,"04-Jan-2020 12:13 AM"
SO770D8J880K,1500.00,Valid,"04-Jan-2020 12:13 AM"
I0OGZY5RRA0C,1500.00,Valid,"04-Jan-2020 12:13 AM"
EFYGITV9VZKS,1500.00,Valid,"04-Jan-2020 12:13 AM"
GNV1R614AQOK,1500.00,Valid,"04-Jan-2020 12:13 AM"
66LWPVA35O8W,1500.00,Valid,"04-Jan-2020 12:13 AM"
IG55LDAXQ800,1500.00,Valid,"04-Jan-2020 12:13 AM"
A7J9BZ9UFS8O,1500.00,Valid,"04-Jan-2020 12:13 AM"
FBN3CXLQHA80,1500.00,Valid,"04-Jan-2020 12:13 AM"
SL8QCGHBIPCS,1500.00,Valid,"04-Jan-2020 12:13 AM"
OOCONE8EWW00,1500.00,Valid,"04-Jan-2020 12:13 AM"
GCCRAFS8F688,1500.00,Valid,"04-Jan-2020 12:13 AM"
5B1D23RSYU80,1500.00,Valid,"04-Jan-2020 12:13 AM"
2SO3GAODV8U8,1500.00,Valid,"04-Jan-2020 12:13 AM"
9IWUURUSFXGK,1500.00,Valid,"04-Jan-2020 12:13 AM"
162P8ZCKAZ0G,1500.00,Valid,"04-Jan-2020 12:13 AM"
6FY7DXHUKB8C,1500.00,Valid,"04-Jan-2020 12:13 AM"
F6ASP06CFYG4,1500.00,Valid,"04-Jan-2020 12:13 AM"
EK4W8URW3F48,1500.00,Valid,"04-Jan-2020 12:13 AM"
2T2SBSWH8HIC,1500.00,Valid,"04-Jan-2020 12:13 AM"
QVUDC7IJ7AS8,1500.00,Valid,"04-Jan-2020 12:13 AM"
S6WDSX28NI80,1500.00,Valid,"04-Jan-2020 12:13 AM"
HVSYVRQMQ9CS,1500.00,Valid,"04-Jan-2020 12:13 AM"
42OQDW992TA8,1500.00,Valid,"04-Jan-2020 12:13 AM"
ON45Q2YLDXWO,1500.00,Valid,"04-Jan-2020 12:13 AM"
FXX478AOW5S8,1500.00,Valid,"04-Jan-2020 12:13 AM"
LZ8R3XAFT5WW,1500.00,Valid,"04-Jan-2020 12:13 AM"
IYSFX71U7JSW,1500.00,Valid,"04-Jan-2020 12:13 AM"
96GG2UN4EZ8C,1500.00,Valid,"04-Jan-2020 12:13 AM"
7ALGUDA5938K,1500.00,Valid,"04-Jan-2020 12:13 AM"
7NKNG8J7MPS0,1500.00,Valid,"04-Jan-2020 12:13 AM"
DEY6EW417DSG,1500.00,Valid,"04-Jan-2020 12:13 AM"
B37Z6GRHEF40,1500.00,Valid,"04-Jan-2020 12:13 AM"
8NG3FE9RZ1OO,1500.00,Valid,"04-Jan-2020 12:13 AM"
A2BHWLBC8JCW,1500.00,Valid,"04-Jan-2020 12:13 AM"
2W1179E0YH4W,1500.00,Valid,"04-Jan-2020 12:13 AM"
C2TR4JMZJBK8,1500.00,Valid,"04-Jan-2020 12:13 AM"
1J0EW4BMO5K0,1500.00,Valid,"04-Jan-2020 12:13 AM"
TB9UUI6IW5WO,1500.00,Valid,"04-Jan-2020 12:13 AM"
OOZ3LO2IOOGS,1500.00,Valid,"04-Jan-2020 12:13 AM"
KXCMQ7KHUJ4C,1500.00,Valid,"04-Jan-2020 12:13 AM"
KX661Z1F9OG4,1500.00,Valid,"04-Jan-2020 12:13 AM"
7DTV8DKUYNGO,1500.00,Valid,"04-Jan-2020 12:13 AM"
TSRJ1Z6V2WGS,1500.00,Valid,"04-Jan-2020 12:13 AM"
916Y137P76KG,1500.00,Valid,"04-Jan-2020 12:13 AM"
KZYGMHE79Z4W,1500.00,Valid,"04-Jan-2020 12:13 AM"
BRI4ABVBAN4G,1500.00,Valid,"04-Jan-2020 12:13 AM"
GHDR9O8XJRC4,1500.00,Valid,"04-Jan-2020 12:13 AM"
3874YGYXU4KK,1500.00,Valid,"04-Jan-2020 12:13 AM"
B47ASNBI1LW0,1500.00,Valid,"04-Jan-2020 12:13 AM"
AAB6Q054L544,1500.00,Valid,"04-Jan-2020 12:13 AM"
STUZAB8FKW00,1500.00,Valid,"04-Jan-2020 12:13 AM"
9U1B79OXWWSG,1500.00,Valid,"04-Jan-2020 12:13 AM"
DSSUSZ1XTFWO,1500.00,Valid,"04-Jan-2020 12:13 AM"
A5A9LKY6VBC4,1500.00,Valid,"04-Jan-2020 12:13 AM"
3GBFPC06YEAS,1500.00,Valid,"04-Jan-2020 12:13 AM"
913GI6W25I4G,1500.00,Valid,"04-Jan-2020 12:13 AM"
61CIFW87038C,1500.00,Valid,"04-Jan-2020 12:13 AM"
QV4JGDVAJPCW,1500.00,Valid,"04-Jan-2020 12:13 AM"
CNJGE26T4944,1500.00,Valid,"04-Jan-2020 12:13 AM"
P5LBJDTVUHC8,1500.00,Valid,"04-Jan-2020 12:13 AM"
8KBT2ZEB7G0S,1500.00,Valid,"04-Jan-2020 12:13 AM"
SGGAIO8PV2O8,1500.00,Valid,"04-Jan-2020 12:13 AM"
5K90HSITP24G,1500.00,Valid,"04-Jan-2020 12:13 AM"
G8M2OR046AOK,1500.00,Valid,"04-Jan-2020 12:13 AM"
CHEI5QRUBMOK,1500.00,Valid,"04-Jan-2020 12:13 AM"
ESFMYQAHA5SS,1500.00,Valid,"04-Jan-2020 12:13 AM"
1YYPN7YFMLI8,1500.00,Valid,"04-Jan-2020 12:13 AM"
AMVNLBIT9K0K,1500.00,Valid,"04-Jan-2020 12:13 AM"
T8Y9921M5BKS,1500.00,Valid,"04-Jan-2020 12:13 AM"
N3FMXN78CV4G,1500.00,Valid,"04-Jan-2020 12:13 AM"
I9TFQJH258G0,1500.00,Valid,"04-Jan-2020 12:13 AM"
Q97U5FHCRY80,1500.00,Valid,"04-Jan-2020 12:13 AM"
K5E725RLZ9WO,1500.00,Valid,"04-Jan-2020 12:13 AM"
5GXCVJBCZSOW,1500.00,Valid,"04-Jan-2020 12:13 AM"
S0OOQEZGJI8W,1500.00,Valid,"04-Jan-2020 12:13 AM"
GMVICNALL2OS,1500.00,Valid,"04-Jan-2020 12:13 AM"
KIS55JV8V00S,1500.00,Valid,"04-Jan-2020 12:13 AM"
K0DWZBNRHPSS,1500.00,Valid,"04-Jan-2020 12:13 AM"
RQN106J9B808,1500.00,Valid,"04-Jan-2020 12:13 AM"
LLIHGGF5KJ4O,1500.00,Valid,"04-Jan-2020 12:13 AM"
36OUPOPDCQM8,1500.00,Valid,"04-Jan-2020 12:13 AM"
LKJS9FYWIW0G,1500.00,Valid,"04-Jan-2020 12:13 AM"
IAZ5HSCSVH4C,1500.00,Valid,"04-Jan-2020 12:13 AM"
K964LI31ODSO,1500.00,Valid,"04-Jan-2020 12:13 AM"
O3AJUUR02W0G,1500.00,Valid,"04-Jan-2020 12:13 AM"
6BC48PZAWFWG,1500.00,Valid,"04-Jan-2020 12:13 AM"
CNHF6V4XSF4G,1500.00,Valid,"04-Jan-2020 12:13 AM"
K1A3I47HWYOG,1500.00,Valid,"04-Jan-2020 12:13 AM"
E09PT2PNDW8C,1500.00,Valid,"04-Jan-2020 12:13 AM"
M75VFL3W28GC,1500.00,Valid,"04-Jan-2020 12:13 AM"
M1RUN12VVGG0,1500.00,Valid,"04-Jan-2020 12:13 AM"
1GTBN2DY315W,1500.00,Valid,"04-Jan-2020 12:13 AM"
KEG5995W19WC,1500.00,Valid,"04-Jan-2020 12:13 AM"
C0MTD07C7U8S,1500.00,Valid,"04-Jan-2020 12:13 AM"
14UWV4N7SJXC,1500.00,Valid,"04-Jan-2020 12:13 AM"
PNE1NNBH93KC,1500.00,Valid,"04-Jan-2020 12:13 AM"
J4DP89SLIHSK,1500.00,Valid,"04-Jan-2020 12:13 AM"
2QDXX56R4JCW,1500.00,Valid,"04-Jan-2020 12:13 AM"
GOD3I8LK4VSW,1500.00,Valid,"04-Jan-2020 12:13 AM"
90BW1EKTI6SC,1500.00,Valid,"04-Jan-2020 12:13 AM"
SGFGM9B6PQOC,1500.00,Valid,"04-Jan-2020 12:13 AM"
O5NXNCEDR9WO,1500.00,Valid,"04-Jan-2020 12:13 AM"
2YM958NE2AM8,1500.00,Valid,"04-Jan-2020 12:13 AM"
AXSYACPDAA88,1500.00,Valid,"04-Jan-2020 12:13 AM"
6UGFUVZ0CKW8,1500.00,Valid,"04-Jan-2020 12:13 AM"
EFSOE0JH9K0K,1500.00,Valid,"04-Jan-2020 12:13 AM"
D39AP9ZIPSG8,1500.00,Valid,"04-Jan-2020 12:13 AM"
B11W2UBSCR48,1500.00,Valid,"04-Jan-2020 12:13 AM"
2H818N9HGNSW,1500.00,Valid,"04-Jan-2020 12:13 AM"
JFFFJP6C6XSG,1500.00,Valid,"04-Jan-2020 12:13 AM"
7QTYCBUSLG08,1500.00,Valid,"04-Jan-2020 12:13 AM"
8UBNNATQ6B4S,1500.00,Valid,"04-Jan-2020 12:13 AM"
24VWLOR1STR4,1500.00,Valid,"04-Jan-2020 12:13 AM"
NXSSVL963WG4,1500.00,Valid,"04-Jan-2020 12:13 AM"
KFRMVR29ZZ4K,1500.00,Valid,"04-Jan-2020 12:13 AM"
35XG4T4SUVWG,1500.00,Valid,"04-Jan-2020 12:13 AM"
8XNSGNE84BOK,1500.00,Valid,"04-Jan-2020 12:13 AM"
QOKMYSKMWRKK,1500.00,Valid,"04-Jan-2020 12:13 AM"
IEVIRO0IK68G,1500.00,Valid,"04-Jan-2020 12:13 AM"
5R2TTL6YLWG0,1500.00,Valid,"04-Jan-2020 12:13 AM"
AMERJBVODJK8,1500.00,Valid,"04-Jan-2020 12:13 AM"
LN4F9OJA4B4C,1500.00,Valid,"04-Jan-2020 12:13 AM"
JIW40MZO2LW8,1500.00,Valid,"04-Jan-2020 12:13 AM"
D7SCEF82B74S,1500.00,Valid,"04-Jan-2020 12:13 AM"
5IABX89Q01KW,1500.00,Valid,"04-Jan-2020 12:13 AM"
6N486KZ1XSG8,1500.00,Valid,"04-Jan-2020 12:13 AM"
ILM50FCOMPCS,1500.00,Valid,"04-Jan-2020 12:13 AM"
JV1NZF5APKGS,1500.00,Valid,"04-Jan-2020 12:13 AM"
LCP5RJW8UDC4,1500.00,Valid,"04-Jan-2020 12:13 AM"
B6L3UR4ZH20C,1500.00,Valid,"04-Jan-2020 12:13 AM"
8964T997DT8O,1500.00,Valid,"04-Jan-2020 12:13 AM"
QG39KPCABB44,1500.00,Valid,"04-Jan-2020 12:13 AM"
T5IYLL9UMA8C,1500.00,Valid,"04-Jan-2020 12:13 AM"
5M1D8FXONB0G,1500.00,Valid,"04-Jan-2020 12:13 AM"
1VIJFA13F280,1500.00,Valid,"04-Jan-2020 12:13 AM"
AXUIXJZE1WGG,1500.00,Valid,"04-Jan-2020 12:13 AM"
RL18PML8QQS4,1500.00,Valid,"04-Jan-2020 12:13 AM"
9LDOHXM6RTOG,1500.00,Valid,"04-Jan-2020 12:13 AM"
S2MHDDBLB4G8,1500.00,Valid,"04-Jan-2020 12:13 AM"
F6PWJNXJRDW0,1500.00,Valid,"04-Jan-2020 12:13 AM"
8D2MAO41T0W8,1500.00,Valid,"04-Jan-2020 12:13 AM"
1PK12TSBDMZO,1500.00,Valid,"04-Jan-2020 12:13 AM"
EGJAODHTH48O,1500.00,Valid,"04-Jan-2020 12:13 AM"
E1JSAXAEBTC8,1500.00,Valid,"04-Jan-2020 12:13 AM"
QSN00RRBKWG8,1500.00,Valid,"04-Jan-2020 12:13 AM"
NJ0BU0FKIVK8,1500.00,Valid,"04-Jan-2020 12:13 AM"
LP4PTTQYW1SW,1500.00,Valid,"04-Jan-2020 12:13 AM"
QQOKOFW5DU8C,1500.00,Valid,"04-Jan-2020 12:13 AM"
SGQIHBG7R00S,1500.00,Valid,"04-Jan-2020 12:13 AM"
1RMDZBDUSFPC,1500.00,Valid,"04-Jan-2020 12:13 AM"
8S6VUGUPNCOW,1500.00,Valid,"04-Jan-2020 12:13 AM"
7E8WH4DWGFK8,1500.00,Valid,"04-Jan-2020 12:13 AM"
LRGRGJBW5DS4,1500.00,Valid,"04-Jan-2020 12:13 AM"
3POOFNG7GC2S,1500.00,Valid,"04-Jan-2020 12:13 AM"
HJPMF5I162O0,1500.00,Valid,"04-Jan-2020 12:13 AM"
351DO3D1O4CG,1500.00,Valid,"04-Jan-2020 12:13 AM"
7HJITBP5QWW0,1500.00,Valid,"04-Jan-2020 12:13 AM"
4N2XJZ4OD86C,1500.00,Valid,"04-Jan-2020 12:13 AM"
Q7WD5W3P7IOC,1500.00,Valid,"04-Jan-2020 12:13 AM"
KG1TGSDXXDSW,1500.00,Valid,"04-Jan-2020 12:13 AM"
6XD2SEVYWHCS,1500.00,Valid,"04-Jan-2020 12:13 AM"
8JXCIZGRZAG4,1500.00,Valid,"04-Jan-2020 12:13 AM"
8CHOZ4SQSO00,1500.00,Valid,"04-Jan-2020 12:13 AM"
T7D2K0FQCIS4,1500.00,Valid,"04-Jan-2020 12:13 AM"
KOYAD12ZIMO8,1500.00,Valid,"04-Jan-2020 12:13 AM"
OT1CHRLD63KG,1500.00,Valid,"04-Jan-2020 12:13 AM"
AU6HEOY9BXCG,1500.00,Valid,"04-Jan-2020 12:13 AM"
B4IKAKQMFUGW,1500.00,Valid,"04-Jan-2020 12:13 AM"
N0PG9RQZIZKK,1500.00,Valid,"04-Jan-2020 12:13 AM"
SAS04UNKHGGK,1500.00,Valid,"04-Jan-2020 12:13 AM"
RTKGF18J1KGO,1500.00,Valid,"04-Jan-2020 12:13 AM"
5Z5KMLS886O8,1500.00,Valid,"04-Jan-2020 12:13 AM"
2UGLTP97O2KG,1500.00,Valid,"04-Jan-2020 12:13 AM"
JUVUW5YOMY8O,1500.00,Valid,"04-Jan-2020 12:13 AM"
D7AL1XA6GE0W,1500.00,Valid,"04-Jan-2020 12:13 AM"
1DWBHM8WM70K,1500.00,Valid,"04-Jan-2020 12:13 AM"
14EA02G37GN4,1500.00,Valid,"04-Jan-2020 12:13 AM"
MHUZ30V9SDCK,1500.00,Valid,"04-Jan-2020 12:13 AM"
4IZRDFTM6KKK,1500.00,Valid,"04-Jan-2020 12:13 AM"
5S6FE0KK4RCW,1500.00,Valid,"04-Jan-2020 12:13 AM"
PUBIUJWSQJKK,1500.00,Valid,"04-Jan-2020 12:13 AM"
QM0UJ5RTHS04,1500.00,Valid,"04-Jan-2020 12:13 AM"
CLKDTVQXD14W,1500.00,Valid,"04-Jan-2020 12:13 AM"
J9NI9A2BUS08,1500.00,Valid,"04-Jan-2020 12:13 AM"
R1FCOSMMKKGG,1500.00,Valid,"04-Jan-2020 12:13 AM"
9TP6E22WU7SW,1500.00,Valid,"04-Jan-2020 12:13 AM"
76MR28ZXW9OG,1500.00,Valid,"04-Jan-2020 12:13 AM"
K3XKOWMWSQ8S,1500.00,Valid,"04-Jan-2020 12:13 AM"
QP0Q5Y1KZEOW,1500.00,Valid,"04-Jan-2020 12:13 AM"
OFYNOZI5TMO4,1500.00,Valid,"04-Jan-2020 12:13 AM"
75BGYWDQVCCO,1500.00,Valid,"04-Jan-2020 12:13 AM"
ES45SD2CWSG0,1500.00,Valid,"04-Jan-2020 12:13 AM"
6U9W3FKHMLWC,1500.00,Valid,"04-Jan-2020 12:13 AM"
BN47AUS1Y4G0,1500.00,Valid,"04-Jan-2020 12:13 AM"
QRIFD2D4YI8O,1500.00,Valid,"04-Jan-2020 12:13 AM"
9N2D6A1QM1OG,1500.00,Valid,"04-Jan-2020 12:13 AM"
8F3U5YUPIO4K,1500.00,Valid,"04-Jan-2020 12:13 AM"
9QF9I1KA4000,1500.00,Valid,"04-Jan-2020 12:13 AM"
F7JJLG9YEWGS,1500.00,Valid,"04-Jan-2020 12:13 AM"
T9U8GPEBS5C4,1500.00,Valid,"04-Jan-2020 12:13 AM"
7Q2OQV3HIY04,1500.00,Valid,"04-Jan-2020 12:13 AM"
3S15IQZYH2KG,1500.00,Valid,"04-Jan-2020 12:13 AM"
QA64MB8PTQOC,1500.00,Valid,"04-Jan-2020 12:13 AM"
A4MMM3CQTNKK,1500.00,Valid,"04-Jan-2020 12:13 AM"
GOHYRC75IFK8,1500.00,Valid,"04-Jan-2020 12:13 AM"
T0JLCJ3FON40,1500.00,Valid,"04-Jan-2020 12:13 AM"
OUQGQFEZD68S,1500.00,Valid,"04-Jan-2020 12:13 AM"
EAMX9PKSYXSK,1500.00,Valid,"04-Jan-2020 12:13 AM"
PXBURYB3FHCG,1500.00,Valid,"04-Jan-2020 12:13 AM"
I09YA2AULB4K,1500.00,Valid,"04-Jan-2020 12:13 AM"
BAGMFBTZ8N40,1500.00,Valid,"04-Jan-2020 12:13 AM"
2ZX25KWYXHQ8,1500.00,Valid,"04-Jan-2020 12:13 AM"
HQ1LE7IZWA0O,1500.00,Valid,"04-Jan-2020 12:13 AM"
NFIJ7AV2F7K0,1500.00,Valid,"04-Jan-2020 12:13 AM"
Q4K1XL0XYZ4C,1500.00,Valid,"04-Jan-2020 12:13 AM"
5EGYTKAO0EG4,1500.00,Valid,"04-Jan-2020 12:13 AM"
JG48YCVOBEGW,1500.00,Valid,"04-Jan-2020 12:13 AM"
M97QSB5FFCGS,1500.00,Valid,"04-Jan-2020 12:13 AM"
T7UCCNU9AN4G,1500.00,Valid,"04-Jan-2020 12:13 AM"
B7XLY11AX9CG,1500.00,Valid,"04-Jan-2020 12:13 AM"
1KONKUSM4EU8,1500.00,Valid,"04-Jan-2020 12:13 AM"
8MXI95J14WG8,1500.00,Valid,"04-Jan-2020 12:13 AM"
R5NHN4R7LOG0,1500.00,Valid,"04-Jan-2020 12:13 AM"
KQF3QP54C00W,1500.00,Valid,"04-Jan-2020 12:13 AM"
5K96AQY30XGC,1500.00,Valid,"04-Jan-2020 12:13 AM"
K7WU5QC9M1CC,1500.00,Valid,"04-Jan-2020 12:13 AM"
NDQ1BSG33400,1500.00,Valid,"04-Jan-2020 12:13 AM"
A6EB84WWT4OW,1500.00,Valid,"04-Jan-2020 12:13 AM"
JWBW18A8O34S,1500.00,Valid,"04-Jan-2020 12:13 AM"
T5AIQU0IIPWG,1500.00,Valid,"04-Jan-2020 12:13 AM"
1M4P5HLZSWKK,1500.00,Valid,"04-Jan-2020 12:13 AM"
5UL1KYO706KO,1500.00,Valid,"04-Jan-2020 12:13 AM"
G6XQDPSPRW8W,1500.00,Valid,"04-Jan-2020 12:13 AM"
1CMPU5ML3CZO,1500.00,Valid,"04-Jan-2020 12:13 AM"
HKLG7CXQU800,1500.00,Valid,"04-Jan-2020 12:13 AM"
ONGG4DE7MRK0,1500.00,Valid,"04-Jan-2020 12:13 AM"
1FIIYWPOXPPC,1500.00,Valid,"04-Jan-2020 12:13 AM"
5BITPVPC3Y80,1500.00,Valid,"04-Jan-2020 12:13 AM"
43Q3ZLXUYNWG,1500.00,Valid,"04-Jan-2020 12:13 AM"
Q53H6F0M95W4,1500.00,Valid,"04-Jan-2020 12:13 AM"
N2YLR0P0ORKK,1500.00,Valid,"04-Jan-2020 12:13 AM"
DXOOEPJMLY0C,1500.00,Valid,"04-Jan-2020 12:13 AM"
1J6WEG4N5K1W,1500.00,Valid,"04-Jan-2020 12:13 AM"
8R8KB3RJ8884,1500.00,Valid,"04-Jan-2020 12:13 AM"
OJ1KJSGIFE8S,1500.00,Valid,"04-Jan-2020 12:13 AM"
AL3CHYZMF7K0,1500.00,Valid,"04-Jan-2020 12:13 AM"
EZX17FKGDTKW,1500.00,Valid,"04-Jan-2020 12:13 AM"
F8MORQQGEQ04,1500.00,Valid,"04-Jan-2020 12:13 AM"
GYQINOEG9A80,1500.00,Valid,"04-Jan-2020 12:13 AM"
9DVFOUVWJ8CG,1500.00,Valid,"04-Jan-2020 12:13 AM"
898IF4OKCEWW,1500.00,Valid,"04-Jan-2020 12:13 AM"
HGGBHNHK4CG0,1500.00,Valid,"04-Jan-2020 12:13 AM"
HFAR02LUGM0C,1500.00,Valid,"04-Jan-2020 12:13 AM"
DT91EPN0QD4W,1500.00,Valid,"04-Jan-2020 12:13 AM"
LMS68RNFUBKW,1500.00,Valid,"04-Jan-2020 12:13 AM"
BCBCB5AG63KK,1500.00,Valid,"04-Jan-2020 12:13 AM"
HNAE4QQ8O8OW,1500.00,Valid,"04-Jan-2020 12:13 AM"
1UGOC7QEHJVO,1500.00,Valid,"04-Jan-2020 12:13 AM"
R7S9881J51C4,1500.00,Valid,"04-Jan-2020 12:13 AM"
21RYFIWIZN9C,1500.00,Valid,"04-Jan-2020 12:13 AM"
KJBK103YGTCG,1500.00,Valid,"04-Jan-2020 12:13 AM"
1444DIDDQ2XW,1500.00,Valid,"04-Jan-2020 12:13 AM"
J0UB3UJ5X5W0,1500.00,Valid,"04-Jan-2020 12:13 AM"
OOE077MH3HWC,1500.00,Valid,"04-Jan-2020 12:13 AM"
KFRLOL56FE8S,1500.00,Valid,"04-Jan-2020 12:13 AM"
5RGSE4Y6Y40S,1500.00,Valid,"04-Jan-2020 12:13 AM"
AT9K71TW1N48,1500.00,Valid,"04-Jan-2020 12:13 AM"
CUUGABH3M4G0,1500.00,Valid,"04-Jan-2020 12:13 AM"
9EY63KWPP5WK,1500.00,Valid,"04-Jan-2020 12:13 AM"
5W6P8IMR9Y4G,1500.00,Valid,"04-Jan-2020 12:13 AM"
EKE3VBV03AGO,1500.00,Valid,"04-Jan-2020 12:13 AM"
MA56TOQC1K0K,1500.00,Valid,"04-Jan-2020 12:13 AM"
M8L2MX9EWAO0,1500.00,Valid,"04-Jan-2020 12:13 AM"
K6UHC0TLH74C,1500.00,Valid,"04-Jan-2020 12:13 AM"
7TVTV11Y4AW4,1500.00,Valid,"04-Jan-2020 12:13 AM"
CRWRMICLG88O,1500.00,Valid,"04-Jan-2020 12:13 AM"
KOV7Q9EO7V4C,1500.00,Valid,"04-Jan-2020 12:13 AM"
PG01U0AO3JKS,1500.00,Valid,"04-Jan-2020 12:13 AM"
MVA2VNGL5TCO,1500.00,Valid,"04-Jan-2020 12:13 AM"
9Q3BKIELL4W0,1500.00,Valid,"04-Jan-2020 12:13 AM"
KS94L4YN8M8K,1500.00,Valid,"04-Jan-2020 12:13 AM"
PY9UXC3ZNTW4,1500.00,Valid,"04-Jan-2020 12:13 AM"
OXWUCRBIN28W,1500.00,Valid,"04-Jan-2020 12:13 AM"
4AG8VKRU2DUS,1500.00,Valid,"04-Jan-2020 12:13 AM"
NNT7ZOI6PW08,1500.00,Valid,"04-Jan-2020 12:13 AM"
1J34DMZ5CUO0,1500.00,Valid,"04-Jan-2020 12:13 AM"
5P6FI9KV4G84,1500.00,Valid,"04-Jan-2020 12:13 AM"
I6YTQTCLMXKC,1500.00,Valid,"04-Jan-2020 12:13 AM"
Q5WA4EN61E88,1500.00,Valid,"04-Jan-2020 12:13 AM"
4ODVLPS0A9OG,1500.00,Valid,"04-Jan-2020 12:13 AM"
1KD4VYCTNC00,1500.00,Valid,"04-Jan-2020 12:13 AM"
MH3X1T4DJUSG,1500.00,Valid,"04-Jan-2020 12:13 AM"
8RCW3BUT0MOS,1500.00,Valid,"04-Jan-2020 12:13 AM"
51G7JHHOCG00,1500.00,Valid,"04-Jan-2020 12:13 AM"
QTP7IV546RKW,1500.00,Valid,"04-Jan-2020 12:13 AM"
951SCYODUQ88,1500.00,Valid,"04-Jan-2020 12:13 AM"
OFUOLMF87UO4,1500.00,Valid,"04-Jan-2020 12:13 AM"
NJIVN8F2DE8C,1500.00,Valid,"04-Jan-2020 12:13 AM"
OZCX11TFR3KS,1500.00,Valid,"04-Jan-2020 12:13 AM"
NVI6U96E9XCW,1500.00,Valid,"04-Jan-2020 12:13 AM"
JH4C2FD3NCGS,1500.00,Valid,"04-Jan-2020 12:13 AM"
7YJPKXG4I4WS,1500.00,Valid,"04-Jan-2020 12:13 AM"
H9M4OUBZ13K8,1500.00,Valid,"04-Jan-2020 12:13 AM"
MPSC2J9ELN48,1500.00,Valid,"04-Jan-2020 12:13 AM"
TCMV6ONZ3K0W,1500.00,Valid,"04-Jan-2020 12:13 AM"
D6X6360U4KGG,1500.00,Valid,"04-Jan-2020 12:13 AM"
RPHVIMZOLGGG,1500.00,Valid,"04-Jan-2020 12:13 AM"
QTI6EV3F8F4K,1500.00,Valid,"04-Jan-2020 12:13 AM"
OV1TCTHFPZKC,1500.00,Valid,"04-Jan-2020 12:13 AM"
Q0PUK6PZGWGC,1500.00,Valid,"04-Jan-2020 12:13 AM"
SOP8MBWZIYOW,1500.00,Valid,"04-Jan-2020 12:13 AM"
J941SG902YO0,1500.00,Valid,"04-Jan-2020 12:13 AM"
TO519ZIQSISW,1500.00,Valid,"04-Jan-2020 12:13 AM"
TBX10FXC0KGK,1500.00,Valid,"04-Jan-2020 12:13 AM"
O0133VBJ1WGK,1500.00,Valid,"04-Jan-2020 12:13 AM"
H1065CN1BPC0,1500.00,Valid,"04-Jan-2020 12:13 AM"
JIMB5QD5LC84,1500.00,Valid,"04-Jan-2020 12:13 AM"
OT4CCNK4FC0G,1500.00,Valid,"04-Jan-2020 12:13 AM"
67D682XEL9SS,1500.00,Valid,"04-Jan-2020 12:13 AM"
71HX6PM0QK0S,1500.00,Valid,"04-Jan-2020 12:13 AM"
IP4YOV8Y4RSO,1500.00,Valid,"04-Jan-2020 12:13 AM"
91Y5MKI3FJ0G,1500.00,Valid,"04-Jan-2020 12:13 AM"
LYK9AHR2OVKS,1500.00,Valid,"04-Jan-2020 12:13 AM"
22BGQ8MPJW4K,1500.00,Valid,"04-Jan-2020 12:13 AM"
EJLZ0RQH8NSC,1500.00,Valid,"04-Jan-2020 12:13 AM"
E1JW3YEU9SG8,1500.00,Valid,"04-Jan-2020 12:13 AM"
66C0FW7XR2O8,1500.00,Valid,"04-Jan-2020 12:13 AM"
RWSR649XAHWW,1500.00,Valid,"04-Jan-2020 12:13 AM"
TEGJVZEF8I8C,1500.00,Valid,"04-Jan-2020 12:13 AM"
Q34XM7THPES4,1500.00,Valid,"04-Jan-2020 12:13 AM"
EM2SFYH1EPCS,1500.00,Valid,"04-Jan-2020 12:13 AM"
O32XMGX9FU8S,1500.00,Valid,"04-Jan-2020 12:13 AM"
CBUI8CHJDPCG,1500.00,Valid,"04-Jan-2020 12:13 AM"
MNN72T1O3W0O,1500.00,Valid,"04-Jan-2020 12:13 AM"
GGDRYT7GVO08,1500.00,Valid,"04-Jan-2020 12:13 AM"
4XMNJX1RDCOW,1500.00,Valid,"04-Jan-2020 12:13 AM"
EHZNCAGQXDCS,1500.00,Valid,"04-Jan-2020 12:13 AM"
ECNSDMJIDGOO,1500.00,Valid,"04-Jan-2020 12:13 AM"
NLG05KDDFZ4G,1500.00,Valid,"04-Jan-2020 12:13 AM"
D2K9AI549ZSC,1500.00,Valid,"04-Jan-2020 12:13 AM"
88POTWWE5748,1500.00,Valid,"04-Jan-2020 12:13 AM"
76HFGLHPM0G8,1500.00,Valid,"04-Jan-2020 12:13 AM"
5SAV8NGZWTWC,1500.00,Valid,"04-Jan-2020 12:13 AM"
OH8P2C78B9WS,1500.00,Valid,"04-Jan-2020 12:13 AM"
ESF69Z4DPJSC,1500.00,Valid,"04-Jan-2020 12:13 AM"
1HRJLB6IJKCK,1500.00,Valid,"04-Jan-2020 12:13 AM"
R26JL0HEK3KW,1500.00,Valid,"04-Jan-2020 12:13 AM"
A0ERPWFILDS0,1500.00,Valid,"04-Jan-2020 12:13 AM"
F6X6RXUN8PW0,1500.00,Valid,"04-Jan-2020 12:13 AM"
3JMDRTU0PR8K,1500.00,Valid,"04-Jan-2020 12:13 AM"
BI64QEDZTB4K,1500.00,Valid,"04-Jan-2020 12:13 AM"
K6UNLWHA4S0O,1500.00,Valid,"04-Jan-2020 12:13 AM"
CJUVS6YIDZWW,1500.00,Valid,"04-Jan-2020 12:13 AM"
7IZOL56B8WCO,1500.00,Valid,"04-Jan-2020 12:13 AM"
G6N7D6Y8BA8K,1500.00,Valid,"04-Jan-2020 12:13 AM"
FSBTJ2NUTVCW,1500.00,Valid,"04-Jan-2020 12:13 AM"
MAG82UABCASK,1500.00,Valid,"04-Jan-2020 12:13 AM"
HD9XFPNMU1W0,1500.00,Valid,"04-Jan-2020 12:13 AM"
M31LMTU45U88,1500.00,Valid,"04-Jan-2020 12:13 AM"
54KUMFHQ1CKC,1500.00,Valid,"04-Jan-2020 12:13 AM"
7PWFJHP91U88,1500.00,Valid,"04-Jan-2020 12:13 AM"
EMND71611LSG,1500.00,Valid,"04-Jan-2020 12:13 AM"
OMT15BXT9O0O,1500.00,Valid,"04-Jan-2020 12:13 AM"
BT0B4AY2RU8S,1500.00,Valid,"04-Jan-2020 12:13 AM"
FYUMSVTGZI80,1500.00,Valid,"04-Jan-2020 12:13 AM"
5GB9B2L68G84,1500.00,Valid,"04-Jan-2020 12:13 AM"
I1RK0MI0K80K,1500.00,Valid,"04-Jan-2020 12:13 AM"
AKCZP695Q1C8,1500.00,Valid,"04-Jan-2020 12:13 AM"
NKWND8IXW40C,1500.00,Valid,"04-Jan-2020 12:13 AM"
ED3AAPNTW7WW,1500.00,Valid,"04-Jan-2020 12:13 AM"
Q7NDWREZ580O,1500.00,Valid,"04-Jan-2020 12:13 AM"
GCLY7QCHDK0G,1500.00,Valid,"04-Jan-2020 12:13 AM"
4TA1K94FZQWW,1500.00,Valid,"04-Jan-2020 12:13 AM"
FN7TDEREFTSG,1500.00,Valid,"04-Jan-2020 12:13 AM"
3ZNBCW26L8O4,1500.00,Valid,"04-Jan-2020 12:13 AM"
8QUGQYL3W288,1500.00,Valid,"04-Jan-2020 12:13 AM"
3E7ZYAS2LSMC,1500.00,Valid,"04-Jan-2020 12:13 AM"
C98IOATFWVCO,1500.00,Valid,"04-Jan-2020 12:13 AM"
FKHZUUAXA884,1500.00,Valid,"04-Jan-2020 12:13 AM"
FVNF54J57JKS,1500.00,Valid,"04-Jan-2020 12:13 AM"
23HD7YHEL31C,1500.00,Valid,"04-Jan-2020 12:13 AM"
CGTBTCH8FDSG,1500.00,Valid,"04-Jan-2020 12:13 AM"
18SF2WXEBERO,1500.00,Valid,"04-Jan-2020 12:13 AM"
SNYMZV777PC4,1500.00,Valid,"04-Jan-2020 12:13 AM"
FOGO0K1AJTC8,1500.00,Valid,"04-Jan-2020 12:13 AM"
6IEV2YVLNHGK,1500.00,Valid,"04-Jan-2020 12:13 AM"
2NP7GQ4JAWKK,1500.00,Valid,"04-Jan-2020 12:13 AM"
E7XT0SOJ09KC,1500.00,Valid,"04-Jan-2020 12:13 AM"
NBDF4C5BEQSW,1500.00,Valid,"04-Jan-2020 12:13 AM"
M3SS0GSOGUOC,1500.00,Valid,"04-Jan-2020 12:13 AM"
QKL42OL45A8W,1500.00,Valid,"04-Jan-2020 12:13 AM"
4VOY74WIDQIO,1500.00,Valid,"04-Jan-2020 12:13 AM"
9Y5DOAOMN484,1500.00,Valid,"04-Jan-2020 12:13 AM"
I6RH1ZLR2Y0O,1500.00,Valid,"04-Jan-2020 12:13 AM"
6CVO1GMW7TGC,1500.00,Valid,"04-Jan-2020 12:13 AM"
25DBKX14WZY8,1500.00,Valid,"04-Jan-2020 12:13 AM"
OFALC38DFBKC,1500.00,Valid,"04-Jan-2020 12:13 AM"
RKDY1U27Y1C8,1500.00,Valid,"04-Jan-2020 12:13 AM"
SSGNF750N4G8,1500.00,Valid,"04-Jan-2020 12:13 AM"
T8XK2XPG8QSG,1500.00,Valid,"04-Jan-2020 12:13 AM"
O3T45K38DU88,1500.00,Valid,"04-Jan-2020 12:13 AM"
KKWW54Y61340,1500.00,Valid,"04-Jan-2020 12:13 AM"
JKNNBGBO4JK0,1500.00,Valid,"04-Jan-2020 12:13 AM"
O5VB0OS8KKGG,1500.00,Valid,"04-Jan-2020 12:13 AM"
SBJTZ1ORMTWO,1500.00,Valid,"04-Jan-2020 12:13 AM"
5BQZE3UZK70G,1500.00,Valid,"04-Jan-2020 12:13 AM"
JVUHK5K4C3K4,1500.00,Valid,"04-Jan-2020 12:13 AM"
CVYW1VR151K4,1500.00,Valid,"04-Jan-2020 12:13 AM"
ANBYEQF2XY8G,1500.00,Valid,"04-Jan-2020 12:13 AM"
BPPXFTRUUI8S,1500.00,Valid,"04-Jan-2020 12:13 AM"
LSBC8EOM3NK0,1500.00,Valid,"04-Jan-2020 12:13 AM"
BG4DFQLSMNSW,1500.00,Valid,"04-Jan-2020 12:13 AM"
F6OVLHZXW0G8,1500.00,Valid,"04-Jan-2020 12:13 AM"
24G0LMAKJMYS,1500.00,Valid,"04-Jan-2020 12:13 AM"
JEB4YCJZF9S8,1500.00,Valid,"04-Jan-2020 12:13 AM"
OTQRQX60VR44,1500.00,Valid,"04-Jan-2020 12:13 AM"
9NNNO8MAH2CK,1500.00,Valid,"04-Jan-2020 12:13 AM"
SUN4YFNO24G4,1500.00,Valid,"04-Jan-2020 12:13 AM"
I7714RSF5C84,1500.00,Valid,"04-Jan-2020 12:13 AM"
RQ22ZZRC8Z4S,1500.00,Valid,"04-Jan-2020 12:13 AM"
7UDPMQ0VDY0W,1500.00,Valid,"04-Jan-2020 12:13 AM"
TLDRZNVTM6O8,1500.00,Valid,"04-Jan-2020 12:13 AM"
TUYOQUUWZAS8,1500.00,Valid,"04-Jan-2020 12:13 AM"
1IFXHGFQSS80,1500.00,Valid,"04-Jan-2020 12:13 AM"
I9CPH69L5TWG,1500.00,Valid,"04-Jan-2020 12:13 AM"
A03RS7SO03K0,1500.00,Valid,"04-Jan-2020 12:13 AM"
O5B9YAIFQYOW,1500.00,Valid,"04-Jan-2020 12:13 AM"
TDZMAB9EGV4K,1500.00,Valid,"04-Jan-2020 12:13 AM"
ACZ10VQF8OOW,1500.00,Valid,"04-Jan-2020 12:13 AM"
7QZZ3KMX3ASC,1500.00,Valid,"04-Jan-2020 12:13 AM"
4RWRCVWXJTKW,1500.00,Valid,"04-Jan-2020 12:13 AM"
BOWIYCE5UA04,1500.00,Valid,"04-Jan-2020 12:13 AM"
SX6TGDH90IS4,1500.00,Valid,"04-Jan-2020 12:13 AM"
NJ5PLYOMZEO4,1500.00,Valid,"04-Jan-2020 12:13 AM"
6WQIXDXTTM4O,1500.00,Valid,"04-Jan-2020 12:13 AM"
O5UJQEED0CG0,1500.00,Valid,"04-Jan-2020 12:13 AM"
626MQQQAGE80,1500.00,Valid,"04-Jan-2020 12:13 AM"
8UQ9FZAO3ZSW,1500.00,Valid,"04-Jan-2020 12:13 AM"
L728SIT91SGC,1500.00,Valid,"04-Jan-2020 12:13 AM"
N6TG34DCP8G4,1500.00,Valid,"04-Jan-2020 12:13 AM"
JTFJXNGIGYOK,1500.00,Valid,"04-Jan-2020 12:13 AM"
HEHX21N8EM80,1500.00,Valid,"04-Jan-2020 12:13 AM"
HGFCTJ63ZOGK,1500.00,Valid,"04-Jan-2020 12:13 AM"
PWLS3MCBBZKS,1500.00,Valid,"04-Jan-2020 12:13 AM"
JC5S5K415Y0C,1500.00,Valid,"04-Jan-2020 12:13 AM"
IP55H62Y61W0,1500.00,Valid,"04-Jan-2020 12:13 AM"
1FLP9AQ91LMS,1500.00,Valid,"04-Jan-2020 12:13 AM"
AEKKN0EZFGO4,1500.00,Valid,"04-Jan-2020 12:13 AM"
FKU7SG6LE40S,1500.00,Valid,"04-Jan-2020 12:13 AM"
8Q8FD0L991WC,1500.00,Valid,"04-Jan-2020 12:13 AM"
SUU5AFW5KLC0,1500.00,Valid,"04-Jan-2020 12:13 AM"
QP16LPEQ9W08,1500.00,Valid,"04-Jan-2020 12:13 AM"
L0OW9V2QAB4O,1500.00,Valid,"04-Jan-2020 12:13 AM"
JMET9DDQXVK0,1500.00,Valid,"04-Jan-2020 12:13 AM"
1OO117JRFDES,1500.00,Valid,"04-Jan-2020 12:13 AM"
JILU563ODMO0,1500.00,Valid,"04-Jan-2020 12:13 AM"
BGF7S91DEPWG,1500.00,Valid,"04-Jan-2020 12:13 AM"
3UO9CTHSFG2S,1500.00,Valid,"04-Jan-2020 12:13 AM"
340252ZJKIG4,1500.00,Valid,"04-Jan-2020 12:13 AM"
NKZ0AR6BZUOW,1500.00,Valid,"04-Jan-2020 12:13 AM"
7HMC2VOULZOC,1500.00,Valid,"04-Jan-2020 12:13 AM"
FJF1ZV2H6AOG,1500.00,Valid,"04-Jan-2020 12:13 AM"
IPX99E1B4B48,1500.00,Valid,"04-Jan-2020 12:13 AM"
I5ONWZPM57CC,1500.00,Valid,"04-Jan-2020 12:13 AM"
T0OYFZ0HG8GS,1500.00,Valid,"04-Jan-2020 12:13 AM"
FRXML1TGI1SK,1500.00,Valid,"04-Jan-2020 12:13 AM"
BBS8099JJ14C,1500.00,Valid,"04-Jan-2020 12:13 AM"
HCDI02HW1NW4,1500.00,Valid,"04-Jan-2020 12:13 AM"
6Q75SIMMBLKW,1500.00,Valid,"04-Jan-2020 12:13 AM"
ANNBOM6J5WOO,1500.00,Valid,"04-Jan-2020 12:13 AM"
FIFM3EM8TDWK,1500.00,Valid,"04-Jan-2020 12:13 AM"
JBXPI4FF7AGO,1500.00,Valid,"04-Jan-2020 12:13 AM"
TE0L0N5K4J4S,1500.00,Valid,"04-Jan-2020 12:13 AM"
LGR8Q3ZBAI8S,1500.00,Valid,"04-Jan-2020 12:13 AM"
6WFM3X6XM0OW,1500.00,Valid,"04-Jan-2020 12:13 AM"
G75NLC503NWO,1500.00,Valid,"04-Jan-2020 12:13 AM"
OSP0VW1K5S04,1500.00,Valid,"04-Jan-2020 12:13 AM"
HXOVR44C21SK,1500.00,Valid,"04-Jan-2020 12:13 AM"
QPDZ6ZQYEN4G,1500.00,Valid,"04-Jan-2020 12:13 AM"
OKU3HKWYGKGK,1500.00,Valid,"04-Jan-2020 12:13 AM"
HVICO9Y1U1SK,1500.00,Valid,"04-Jan-2020 12:13 AM"
1WRL8LDAT2CK,1500.00,Valid,"04-Jan-2020 12:13 AM"
9P33KA2R1CSG,1500.00,Valid,"04-Jan-2020 12:13 AM"
BOWOWCE5ET4W,1500.00,Valid,"04-Jan-2020 12:13 AM"
BRL1FRE6WI88,1500.00,Valid,"04-Jan-2020 12:13 AM"
B5M5LNH4R54O,1500.00,Valid,"04-Jan-2020 12:13 AM"
3X6D44Z4GMCK,1500.00,Valid,"04-Jan-2020 12:13 AM"
2L3ZQT8U7VGG,1500.00,Valid,"04-Jan-2020 12:13 AM"
MKP2IU3CVN4O,1500.00,Valid,"04-Jan-2020 12:13 AM"
HBZH3H4IBM88,1500.00,Valid,"04-Jan-2020 12:13 AM"
8GT2ZQ4RWX44,1500.00,Valid,"04-Jan-2020 12:13 AM"
NK532GEW2BK4,1500.00,Valid,"04-Jan-2020 12:13 AM"
IR5GDPEFXY8G,1500.00,Valid,"04-Jan-2020 12:13 AM"
2HO8FTV3IYO0,1500.00,Valid,"04-Jan-2020 12:13 AM"
5AEDXODQQ90K,1500.00,Valid,"04-Jan-2020 12:13 AM"
3SIZG6BAELQ8,1500.00,Valid,"04-Jan-2020 12:13 AM"
NEBMFMNG09WW,1500.00,Valid,"04-Jan-2020 12:13 AM"
O3GIXF56ER4O,1500.00,Valid,"04-Jan-2020 12:13 AM"
E2L0Z0MF1Z40,1500.00,Valid,"04-Jan-2020 12:13 AM"
9PBGDN6MOWKC,1500.00,Valid,"04-Jan-2020 12:13 AM"
IMGK7P79CVWC,1500.00,Valid,"04-Jan-2020 12:13 AM"
SXLF9U9UKMOS,1500.00,Valid,"04-Jan-2020 12:13 AM"
NEENHOY7FS0G,1500.00,Valid,"04-Jan-2020 12:13 AM"
BPWXB52KCAGW,1500.00,Valid,"04-Jan-2020 12:13 AM"
ARAGWCNGCBSO,1500.00,Valid,"04-Jan-2020 12:13 AM"
JMHHOM337J4K,1500.00,Valid,"04-Jan-2020 12:13 AM"
2SDQEBU3WPES,1500.00,Valid,"04-Jan-2020 12:13 AM"
5GEDDLU62800,1500.00,Valid,"04-Jan-2020 12:13 AM"
JT7L5JAJK1WG,1500.00,Valid,"04-Jan-2020 12:13 AM"
N93MXC8IXUSW,1500.00,Valid,"04-Jan-2020 12:13 AM"
7C25JZ5H7G0S,1500.00,Valid,"04-Jan-2020 12:13 AM"
R5MJXKBFWSG4,1500.00,Valid,"04-Jan-2020 12:13 AM"
3R7EVVMR3N8K,1500.00,Valid,"04-Jan-2020 12:13 AM"
AM38WABLSMWW,1500.00,Valid,"04-Jan-2020 12:13 AM"
51F012A4IIKG,1500.00,Valid,"04-Jan-2020 12:13 AM"
LBWVR3HXLAO8,1500.00,Valid,"04-Jan-2020 12:13 AM"
8CBQ2KZZIR4S,1500.00,Valid,"04-Jan-2020 12:13 AM"
KVIBN9LF168O,1500.00,Valid,"04-Jan-2020 12:13 AM"
4TWL4ZTUUPKW,1500.00,Valid,"04-Jan-2020 12:13 AM"
MBDE91N2K3K4,1500.00,Valid,"04-Jan-2020 12:13 AM"
B0N0ANXOR7CW,1500.00,Valid,"04-Jan-2020 12:13 AM"
9SCZK3UR0X8O,1500.00,Valid,"04-Jan-2020 12:13 AM"
ILNN35GP2MO8,1500.00,Valid,"04-Jan-2020 12:13 AM"
3ZQ31R61ERK0,1500.00,Valid,"04-Jan-2020 12:13 AM"
NYOWU00QN1W8,1500.00,Valid,"04-Jan-2020 12:13 AM"
P478Q8P4Q348,1500.00,Valid,"04-Jan-2020 12:13 AM"
J2AU1VVWAHSG,1500.00,Valid,"04-Jan-2020 12:13 AM"
N52Q7GIR4RKK,1500.00,Valid,"04-Jan-2020 12:13 AM"
DRC25GS1AAOK,1500.00,Valid,"04-Jan-2020 12:13 AM"
6UMRVJ0O33SW,1500.00,Valid,"04-Jan-2020 12:13 AM"
GA6HW9OONBK8,1500.00,Valid,"04-Jan-2020 12:13 AM"
3P7RWVV6A5WK,1500.00,Valid,"04-Jan-2020 12:13 AM"
7RROVYT9AF40,1500.00,Valid,"04-Jan-2020 12:13 AM"
H10TN00213WW,1500.00,Valid,"04-Jan-2020 12:13 AM"
BFA22YVBS4OO,1500.00,Valid,"04-Jan-2020 12:13 AM"
Q6QYQNWTXW0C,1500.00,Valid,"04-Jan-2020 12:13 AM"
25KX2WUY6JY8,1500.00,Valid,"04-Jan-2020 12:13 AM"
LVR4EURMFGGW,1500.00,Valid,"04-Jan-2020 12:13 AM"
JZXSNIM4LTCS,1500.00,Valid,"04-Jan-2020 12:13 AM"
LF8QQ07GA1CC,1500.00,Valid,"04-Jan-2020 12:13 AM"
P1BJE6UJ9MSK,1500.00,Valid,"04-Jan-2020 12:13 AM"
9BYHR6A2AJGG,1500.00,Valid,"04-Jan-2020 12:13 AM"
38VPW2L8FOU8,1500.00,Valid,"04-Jan-2020 12:13 AM"
9YZG83CW5F4S,1500.00,Valid,"04-Jan-2020 12:13 AM"
3V0X1QIQGFUO,1500.00,Valid,"04-Jan-2020 12:13 AM"
C1BWMU44Y08O,1500.00,Valid,"04-Jan-2020 12:13 AM"
1UBHVWCEHZTW,1500.00,Valid,"04-Jan-2020 12:13 AM"
LSVV03IAMHCC,1500.00,Valid,"04-Jan-2020 12:13 AM"
1PJP9J04OZLW,1500.00,Valid,"04-Jan-2020 12:13 AM"
JPBTRXS8IG0K,1500.00,Valid,"04-Jan-2020 12:13 AM"
291A0QCC8QKG,1500.00,Valid,"04-Jan-2020 12:13 AM"
HM14MM2E0EO8,1500.00,Valid,"04-Jan-2020 12:13 AM"
3806XDFOWUCK,1500.00,Valid,"04-Jan-2020 12:13 AM"
3FFRQC9LGFCW,1500.00,Valid,"04-Jan-2020 12:13 AM"
NJAFSDRWQDWS,1500.00,Valid,"04-Jan-2020 12:13 AM"
8RKUB8T0GPGC,1500.00,Valid,"04-Jan-2020 12:13 AM"
KPWZ7GZZRLCS,1500.00,Valid,"04-Jan-2020 12:13 AM"
9OY7FM5XJRK8,1500.00,Valid,"04-Jan-2020 12:13 AM"
OKXM06B64288,1500.00,Valid,"04-Jan-2020 12:13 AM"
9FB0VQXWT24G,1500.00,Valid,"04-Jan-2020 12:13 AM"
OS492HDIU1W0,1500.00,Valid,"04-Jan-2020 12:13 AM"
QR0TCVZVZI80,1500.00,Valid,"04-Jan-2020 12:13 AM"
FEZ12Y3DLJSC,1500.00,Valid,"04-Jan-2020 12:13 AM"
A3NOZ9YZSBKK,1500.00,Valid,"04-Jan-2020 12:13 AM"
OS5NW9RWAA88,1500.00,Valid,"04-Jan-2020 12:13 AM"
EKQR6Y158VKS,1500.00,Valid,"04-Jan-2020 12:13 AM"
N065S144TVKW,1500.00,Valid,"04-Jan-2020 12:13 AM"
SSFFHCV8VQS8,1500.00,Valid,"04-Jan-2020 12:13 AM"
AKD9XOD8AVC4,1500.00,Valid,"04-Jan-2020 12:13 AM"
9XZIF8QU6W0K,1500.00,Valid,"04-Jan-2020 12:13 AM"
PUTV3PVZ5NKK,1500.00,Valid,"04-Jan-2020 12:13 AM"
G062HALM93K8,1500.00,Valid,"04-Jan-2020 12:13 AM"
JK6AF7IZITC0,1500.00,Valid,"04-Jan-2020 12:13 AM"
HRE5AXXR6FWW,1500.00,Valid,"04-Jan-2020 12:13 AM"
2C3NG7XZZ76S,1500.00,Valid,"04-Jan-2020 12:13 AM"
1ZJQ4DXLEHQ8,1500.00,Valid,"04-Jan-2020 12:13 AM"
FAXC9VAS5E04,1500.00,Valid,"04-Jan-2020 12:13 AM"
7192C44QI8CO,1500.00,Valid,"04-Jan-2020 12:13 AM"
SVGGQGHQIQ8C,1500.00,Valid,"04-Jan-2020 12:13 AM"
KZO1E0AWXVK0,1500.00,Valid,"04-Jan-2020 12:13 AM"
6G69X51D0Y88,1500.00,Valid,"04-Jan-2020 12:13 AM"
Q2XVKATG7284,1500.00,Valid,"04-Jan-2020 12:13 AM"
RQZW1U021EOG,1500.00,Valid,"04-Jan-2020 12:13 AM"
AW915DH4OU0W,1500.00,Valid,"04-Jan-2020 12:13 AM"
IBS2BK2TRM88,1500.00,Valid,"04-Jan-2020 12:13 AM"
PC3L57EL2PWK,1500.00,Valid,"04-Jan-2020 12:13 AM"
83AX2VJ2NW0S,1500.00,Valid,"04-Jan-2020 12:13 AM"
L4QB267TD80O,1500.00,Valid,"04-Jan-2020 12:13 AM"
FYENRKCM8G00,1500.00,Valid,"04-Jan-2020 12:13 AM"
AD03JL33IYO0,1500.00,Valid,"04-Jan-2020 12:13 AM"
13R8KVTG7V1C,1500.00,Valid,"04-Jan-2020 12:13 AM"
N1Z6ZFG3PNKG,1500.00,Valid,"04-Jan-2020 12:13 AM"
1B31PMYW5NXC,1500.00,Valid,"04-Jan-2020 12:13 AM"
6SG4GXX195WK,1500.00,Valid,"04-Jan-2020 12:13 AM"
DNGWOY7BFOGK,1500.00,Valid,"04-Jan-2020 12:13 AM"
HP4HQEJS6L4C,1500.00,Valid,"04-Jan-2020 12:13 AM"
8WQUMPN7K9GC,1500.00,Valid,"04-Jan-2020 12:13 AM"
QABT6S0I6PWK,1500.00,Valid,"04-Jan-2020 12:13 AM"
DLS9F8DE9I8K,1500.00,Valid,"04-Jan-2020 12:13 AM"
OJDAATANHASO,1500.00,Valid,"04-Jan-2020 12:13 AM"
MM432416PSG8,1500.00,Valid,"04-Jan-2020 12:13 AM"
7OZQX6P800OW,1500.00,Valid,"04-Jan-2020 12:13 AM"
7EK8E4Q41IWW,1500.00,Valid,"04-Jan-2020 12:13 AM"
BPN7RPV2BM88,1500.00,Valid,"04-Jan-2020 12:13 AM"
HZU347XQFW0S,1500.00,Valid,"04-Jan-2020 12:13 AM"
24NB6KJXSB6S,1500.00,Valid,"04-Jan-2020 12:13 AM"
6UWQRSJKIRWO,1500.00,Valid,"04-Jan-2020 12:13 AM"
SHUWEMKO274G,1500.00,Valid,"04-Jan-2020 12:13 AM"
4VYQLWR9NR40,1500.00,Valid,"04-Jan-2020 12:13 AM"
JJ8O5NJ7EPWG,1500.00,Valid,"04-Jan-2020 12:13 AM"
23LND20VA9GG,1500.00,Valid,"04-Jan-2020 12:13 AM"
JZXTC4DMOZK0,1500.00,Valid,"04-Jan-2020 12:13 AM"
I6B08JQD4IOG,1500.00,Valid,"04-Jan-2020 12:13 AM"
73YCLMGV7OW8,1500.00,Valid,"04-Jan-2020 12:13 AM"
6INYP7B7ANKS,1500.00,Valid,"04-Jan-2020 12:13 AM"
QIVWZEVXCE80,1500.00,Valid,"04-Jan-2020 12:13 AM"
SZXXAW2VZYSO,1500.00,Valid,"04-Jan-2020 12:13 AM"
9PDQB158318G,1500.00,Valid,"04-Jan-2020 12:13 AM"
9SB7Q2VZFW0S,1500.00,Valid,"04-Jan-2020 12:13 AM"
HNCH5V8K61C8,1500.00,Valid,"04-Jan-2020 12:13 AM"
8I4YIEVD21KW,1500.00,Valid,"04-Jan-2020 12:13 AM"
NGB2ZGMOYU8K,1500.00,Valid,"04-Jan-2020 12:13 AM"
7R5LQS6TKQCC,1500.00,Valid,"04-Jan-2020 12:13 AM"
4F4C23BVF18G,1500.00,Valid,"04-Jan-2020 12:13 AM"
1VVV0WUID4ZO,1500.00,Valid,"04-Jan-2020 12:13 AM"
3147K7D5LIG4,1500.00,Valid,"04-Jan-2020 12:13 AM"
EWMIY4ERU680,1500.00,Valid,"04-Jan-2020 12:13 AM"
Q8Z2N4SKEWGS,1500.00,Valid,"04-Jan-2020 12:13 AM"
QRTKILVKGLC0,1500.00,Valid,"04-Jan-2020 12:13 AM"
ADY1RUXJIKO4,1500.00,Valid,"04-Jan-2020 12:13 AM"
HE2R6C9L4V4K,1500.00,Valid,"04-Jan-2020 12:13 AM"
GHCF5D83NBSC,1500.00,Valid,"04-Jan-2020 12:13 AM"
40H9EWHYVBGG,1500.00,Valid,"04-Jan-2020 12:13 AM"
I38RXXE66NSW,1500.00,Valid,"04-Jan-2020 12:13 AM"
GUERUFYCGIGC,1500.00,Valid,"04-Jan-2020 12:13 AM"
H3Y84G15NPWS,1500.00,Valid,"04-Jan-2020 12:13 AM"
C5BP4RVDZPC0,1500.00,Valid,"04-Jan-2020 12:13 AM"
49XQXK50NICK,1500.00,Valid,"04-Jan-2020 12:13 AM"
MI36KIZNQ34C,1500.00,Valid,"04-Jan-2020 12:13 AM"
Q5FU9N1V4FKO,1500.00,Valid,"04-Jan-2020 12:13 AM"
OX2L3L5DUF44,1500.00,Valid,"04-Jan-2020 12:13 AM"
MI7O3XW4TN48,1500.00,Valid,"04-Jan-2020 12:13 AM"
LGTS3GCUV9CW,1500.00,Valid,"04-Jan-2020 12:13 AM"
25TAU1AKX44G,1500.00,Valid,"04-Jan-2020 12:13 AM"
D2VWHB8DDJC4,1500.00,Valid,"04-Jan-2020 12:13 AM"
MYSKLH5JEBK4,1500.00,Valid,"04-Jan-2020 12:13 AM"
G3VL4XL1ELSS,1500.00,Valid,"04-Jan-2020 12:13 AM"
4VTAG1NO1ZWG,1500.00,Valid,"04-Jan-2020 12:13 AM"
KLH93PAULMO0,1500.00,Valid,"04-Jan-2020 12:13 AM"
6IS26TFB9L44,1500.00,Valid,"04-Jan-2020 12:13 AM"
J9TU5P0XGMOS,1500.00,Valid,"04-Jan-2020 12:13 AM"
SYW8TWEQUYO4,1500.00,Valid,"04-Jan-2020 12:13 AM"
EJ34P32XL5KC,1500.00,Valid,"04-Jan-2020 12:13 AM"
RSBVDU1KDJK8,1500.00,Valid,"04-Jan-2020 12:13 AM"
L6W3WQXANYOC,1500.00,Valid,"04-Jan-2020 12:13 AM"
JVHS0I7M9PW8,1500.00,Valid,"04-Jan-2020 12:13 AM"
R8RLLHEE7Q8G,1500.00,Valid,"04-Jan-2020 12:13 AM"
EMVSTZIUMN4G,1500.00,Valid,"04-Jan-2020 12:13 AM"
OXW5K2FRYESC,1500.00,Valid,"04-Jan-2020 12:13 AM"
RYKI4GX5ZUSG,1500.00,Valid,"04-Jan-2020 12:13 AM"
402DNEB8Z0YS,1500.00,Valid,"04-Jan-2020 12:13 AM"
AWZJXMJSL28G,1500.00,Valid,"04-Jan-2020 12:13 AM"
S93HIE9KPC0W,1500.00,Valid,"04-Jan-2020 12:13 AM"
EBQXLRLQI5KO,1500.00,Valid,"04-Jan-2020 12:13 AM"
NMAP19VFGJ4S,1500.00,Valid,"04-Jan-2020 12:13 AM"
4N6TF7RLGOAO,1500.00,Valid,"04-Jan-2020 12:13 AM"
TNUEPW1TIR4O,1500.00,Valid,"04-Jan-2020 12:13 AM"
I6AY2BVA014O,1500.00,Valid,"04-Jan-2020 12:13 AM"
B7GK3VU78MOS,1500.00,Valid,"04-Jan-2020 12:13 AM"
G83Q9BYA06OS,1500.00,Valid,"04-Jan-2020 12:13 AM"
GK9YLX58JGO4,1500.00,Valid,"04-Jan-2020 12:13 AM"
BPI75F7LNUO0,1500.00,Valid,"04-Jan-2020 12:13 AM"
IX28PHVLC2GC,1500.00,Valid,"04-Jan-2020 12:13 AM"
L9QYIWSJMXWW,1500.00,Valid,"04-Jan-2020 12:13 AM"
EO8TX01LMJKK,1500.00,Valid,"04-Jan-2020 12:13 AM"
79GN0VOZP94W,1500.00,Valid,"04-Jan-2020 12:13 AM"
7LBGBO8UGGOW,1500.00,Valid,"04-Jan-2020 12:13 AM"
NTZEOCUQFXCG,1500.00,Valid,"04-Jan-2020 12:13 AM"
T1QVMIA11V4O,1500.00,Valid,"04-Jan-2020 12:13 AM"
5W1ZMWAFVFGG,1500.00,Valid,"04-Jan-2020 12:13 AM"
R8FSI44L2BK0,1500.00,Valid,"04-Jan-2020 12:13 AM"
M7PEM65B1MSK,1500.00,Valid,"04-Jan-2020 12:13 AM"
96BR2AV72VOC,1500.00,Valid,"04-Jan-2020 12:13 AM"
56H7IM03GH8O,1500.00,Valid,"04-Jan-2020 12:13 AM"
IWM30P31Z2G4,1500.00,Valid,"04-Jan-2020 12:13 AM"
3D3FCKEZE5KW,1500.00,Valid,"04-Jan-2020 12:13 AM"
QAQAKHRYZUO0,1500.00,Valid,"04-Jan-2020 12:13 AM"
18QVX3UXHJVO,1500.00,Valid,"04-Jan-2020 12:13 AM"
LMSHEQA9OG00,1500.00,Valid,"04-Jan-2020 12:13 AM"
SUCLVVNT72O8,1500.00,Valid,"04-Jan-2020 12:13 AM"
9TEGEPNK82CC,1500.00,Valid,"04-Jan-2020 12:13 AM"
36WNL2P60WQO,1500.00,Valid,"04-Jan-2020 12:13 AM"
K06KJJFJMFKC,1500.00,Valid,"04-Jan-2020 12:13 AM"
DH2TLJD7TIOS,1500.00,Valid,"04-Jan-2020 12:13 AM"
1ERXKZIVHH8G,1500.00,Valid,"04-Jan-2020 12:13 AM"
16ZGR9AQK1WG,1500.00,Valid,"04-Jan-2020 12:13 AM"
B1X6AMPTPSWK,1500.00,Valid,"04-Jan-2020 12:13 AM"
TAUHZSSWQ74G,1500.00,Valid,"04-Jan-2020 12:13 AM"
83DMVS4J7QO8,1500.00,Valid,"04-Jan-2020 12:13 AM"
T6J8VJI9XF4S,1500.00,Valid,"04-Jan-2020 12:13 AM"
DNKKMVP8T0GK,1500.00,Valid,"04-Jan-2020 12:13 AM"
R2A2YU5F968O,1500.00,Valid,"04-Jan-2020 12:13 AM"
ECZGSY9QXXS8,1500.00,Valid,"04-Jan-2020 12:13 AM"
LLMQOFK2JZ4G,1500.00,Valid,"04-Jan-2020 12:13 AM"
QJLYFVP1RG0O,1500.00,Valid,"04-Jan-2020 12:13 AM"
AK5WUSH7DZK8,1500.00,Valid,"04-Jan-2020 12:13 AM"
I4QOVN9PJ94W,1500.00,Valid,"04-Jan-2020 12:13 AM"
E2Q8X56FMUOS,1500.00,Valid,"04-Jan-2020 12:13 AM"
8W4UJ3KJVR40,1500.00,Valid,"04-Jan-2020 12:13 AM"
C490Y146ONC4,1500.00,Valid,"04-Jan-2020 12:13 AM"
AF5JSO750EG4,1500.00,Valid,"04-Jan-2020 12:13 AM"
E7BLD1JGUN4G,1500.00,Valid,"04-Jan-2020 12:13 AM"
HKDEVZ61VLKW,1500.00,Valid,"04-Jan-2020 12:13 AM"
B4SMI4ENMNSW,1500.00,Valid,"04-Jan-2020 12:13 AM"
9B3N550B454W,1500.00,Valid,"04-Jan-2020 12:13 AM"
IQFNGLE8MC08,1500.00,Valid,"04-Jan-2020 12:13 AM"
S0ZICEII0MS8,1500.00,Valid,"04-Jan-2020 12:13 AM"
SCZACC1FOC0S,1500.00,Valid,"04-Jan-2020 12:13 AM"
9FH4E8OX9W08,1500.00,Valid,"04-Jan-2020 12:13 AM"
1S8M0HZXKXWK,1500.00,Valid,"04-Jan-2020 12:13 AM"
3F7AQK4O7SG0,1500.00,Valid,"04-Jan-2020 12:13 AM"
3COD9FU09P8G,1500.00,Valid,"04-Jan-2020 12:13 AM"
ICX4QDA80F4G,1500.00,Valid,"04-Jan-2020 12:13 AM"
TSQCFXM3QTWS,1500.00,Valid,"04-Jan-2020 12:13 AM"
7VEPJSBTO2W4,1500.00,Valid,"04-Jan-2020 12:13 AM"
QD06KEC8JZ4G,1500.00,Valid,"04-Jan-2020 12:13 AM"
1YGWA5TT60TC,1500.00,Valid,"04-Jan-2020 12:13 AM"
6YRSMAD85NOK,1500.00,Valid,"04-Jan-2020 12:13 AM"
PDN1M2EHFB44,1500.00,Valid,"04-Jan-2020 12:13 AM"
IWD6BGVIAFWW,1500.00,Valid,"04-Jan-2020 12:13 AM"
27ET4M8E9ZY8,1500.00,Valid,"04-Jan-2020 12:13 AM"
11FMM3CSXUNK,1500.00,Valid,"04-Jan-2020 12:13 AM"
HLTIQ9FQV9K4,1500.00,Valid,"04-Jan-2020 12:13 AM"
DGDLZIZBL1WS,1500.00,Valid,"04-Jan-2020 12:13 AM"
9AW2GPP6SPOG,1500.00,Valid,"04-Jan-2020 12:13 AM"
NMB1Z3AI8V4K,1500.00,Valid,"04-Jan-2020 12:13 AM"
O86RAPBYSF4K,1500.00,Valid,"04-Jan-2020 12:13 AM"
L656NTXQA1SK,1500.00,Valid,"04-Jan-2020 12:13 AM"
SWR80SMQGTW8,1500.00,Valid,"04-Jan-2020 12:13 AM"
OHHHF2O5GYOG,1500.00,Valid,"04-Jan-2020 12:13 AM"
DFO8XQC9M680,1500.00,Valid,"04-Jan-2020 12:13 AM"
OHFF6S7CACGK,1500.00,Valid,"04-Jan-2020 12:13 AM"
MOS21BJQYF4W,1500.00,Valid,"04-Jan-2020 12:13 AM"
1TOJWQS2O01W,1500.00,Valid,"04-Jan-2020 12:13 AM"
9OD2C6CNK1KW,1500.00,Valid,"04-Jan-2020 12:13 AM"
JW669I3VWQ8S,1500.00,Valid,"04-Jan-2020 12:13 AM"
OORFKMK4N284,1500.00,Valid,"04-Jan-2020 12:13 AM"
N55NODGILA8W,1500.00,Valid,"04-Jan-2020 12:13 AM"
P2WYO38HJV4C,1500.00,Valid,"04-Jan-2020 12:13 AM"
9NWWKYRIZ8KK,1500.00,Valid,"04-Jan-2020 12:13 AM"
O9PMNR0GLNKG,1500.00,Valid,"04-Jan-2020 12:13 AM"
D0VZI7A934G8,1500.00,Valid,"04-Jan-2020 12:13 AM"
3ZY6SPYBHB28,1500.00,Valid,"04-Jan-2020 12:13 AM"
BQJ9C2RQEJ48,1500.00,Valid,"04-Jan-2020 12:13 AM"
CTPE1LGVXLSG,1500.00,Valid,"04-Jan-2020 12:13 AM"
RD8GWG6NV0G4,1500.00,Valid,"04-Jan-2020 12:13 AM"
SY3WMICD87KC,1500.00,Valid,"04-Jan-2020 12:13 AM"
GTLJ4B6TWDW8,1500.00,Valid,"04-Jan-2020 12:13 AM"
L0MHO46OILSO,1500.00,Valid,"04-Jan-2020 12:13 AM"
67WRMN4MCLK4,1500.00,Valid,"04-Jan-2020 12:13 AM"
781IASUNY1CS,1500.00,Valid,"04-Jan-2020 12:13 AM"
65YOG0I5W2O0,1500.00,Valid,"04-Jan-2020 12:13 AM"
GVM424C0FK84,1500.00,Valid,"04-Jan-2020 12:13 AM"
4HFNOYMRM4QO,1500.00,Valid,"04-Jan-2020 12:13 AM"
HDI77QWJBCGS,1500.00,Valid,"04-Jan-2020 12:13 AM"
7JJQB0635OW8,1500.00,Valid,"04-Jan-2020 12:13 AM"
34E7TRHOUYWW,1500.00,Valid,"04-Jan-2020 12:13 AM"
EC3TAIQ6BB40,1500.00,Valid,"04-Jan-2020 12:13 AM"
360T50VB6H6O,1500.00,Valid,"04-Jan-2020 12:13 AM"
7BIWGPPPJJ8K,1500.00,Valid,"04-Jan-2020 12:13 AM"
IN5U55WV7DC8,1500.00,Valid,"04-Jan-2020 12:13 AM"
3GAWWOLRKRCW,1500.00,Valid,"04-Jan-2020 12:13 AM"
PCDZBD9F1M8S,1500.00,Valid,"04-Jan-2020 12:13 AM"
O2TUK1JMEM80,1500.00,Valid,"04-Jan-2020 12:13 AM"
17G8UTRP9OIO,1500.00,Valid,"04-Jan-2020 12:13 AM"
8BPT0HO398O4,1500.00,Valid,"04-Jan-2020 12:13 AM"
3WTAY0MDZ6GW,1500.00,Valid,"04-Jan-2020 12:13 AM"
AMT6KC6MGXS0,1500.00,Valid,"04-Jan-2020 12:13 AM"
7K9V4AV7ZG08,1500.00,Valid,"04-Jan-2020 12:13 AM"
BLVPU7QWD9CK,1500.00,Valid,"04-Jan-2020 12:13 AM"
OAPWRTQ3IZKK,1500.00,Valid,"04-Jan-2020 12:13 AM"
RYDTEDHI34GC,1500.00,Valid,"04-Jan-2020 12:13 AM"
PSY6SOFGMISK,1500.00,Valid,"04-Jan-2020 12:13 AM"
QTMR9F8V034O,1500.00,Valid,"04-Jan-2020 12:13 AM"
8MCRDNYDS10K,1500.00,Valid,"04-Jan-2020 12:13 AM"
HSV0FVHQKZWO,1500.00,Valid,"04-Jan-2020 12:13 AM"
S1T1HAVYFLCS,1500.00,Valid,"04-Jan-2020 12:13 AM"
2V9UN4HHSAUC,1500.00,Valid,"04-Jan-2020 12:13 AM"
1X0PE2BFGN40,1500.00,Valid,"04-Jan-2020 12:13 AM"
M0SGJJ3OYF4W,1500.00,Valid,"04-Jan-2020 12:13 AM"
KLHZ2K82A804,1500.00,Valid,"04-Jan-2020 12:13 AM"
G6XSVFFSNF48,1500.00,Valid,"04-Jan-2020 12:13 AM"
CHWK844B4J4S,1500.00,Valid,"04-Jan-2020 12:13 AM"
4L20BRLX1G2S,1500.00,Valid,"04-Jan-2020 12:13 AM"
ACSWSSWU2E8G,1500.00,Valid,"04-Jan-2020 12:13 AM"
R0OABZOISSGW,1500.00,Valid,"04-Jan-2020 12:13 AM"
CZRTV6DY0W00,1500.00,Valid,"04-Jan-2020 12:13 AM"
TAD3HPVVY3KK,1500.00,Valid,"04-Jan-2020 12:13 AM"
113H6EWLXHES,1500.00,Valid,"04-Jan-2020 12:13 AM"
N6SS1U7E9AO8,1500.00,Valid,"04-Jan-2020 12:13 AM"
EM35MK0729KW,1500.00,Valid,"04-Jan-2020 12:13 AM"
RK3IU7141AO8,1500.00,Valid,"04-Jan-2020 12:13 AM"
TUFBUOBU8QO4,1500.00,Valid,"04-Jan-2020 12:13 AM"
4WSPFU6EJTWK,1500.00,Valid,"04-Jan-2020 12:13 AM"
48T00GY0U280,1500.00,Valid,"04-Jan-2020 12:13 AM"
NQK9CT8MS9C8,1500.00,Valid,"04-Jan-2020 12:13 AM"
OLAZD9O2PU8C,1500.00,Valid,"04-Jan-2020 12:13 AM"
78TOUU8JWW84,1500.00,Valid,"04-Jan-2020 12:13 AM"
TQ5L6M0WNU8O,1500.00,Valid,"04-Jan-2020 12:13 AM"
2WNLWHW678SG,1500.00,Valid,"04-Jan-2020 12:13 AM"
4I7IIUARWUM8,1500.00,Valid,"04-Jan-2020 12:13 AM"
NPY66CTPSAO0,1500.00,Valid,"04-Jan-2020 12:13 AM"
58PDWFT0OX8O,1500.00,Valid,"04-Jan-2020 12:13 AM"
QLRVLSERPO0O,1500.00,Valid,"04-Jan-2020 12:13 AM"
SFBG6NRSR9C0,1500.00,Valid,"04-Jan-2020 12:13 AM"
5LNX3AWAO7KS,1500.00,Valid,"04-Jan-2020 12:13 AM"
Q1IVHF4GYKG0,1500.00,Valid,"04-Jan-2020 12:13 AM"
KSGNK0B6MEOS,1500.00,Valid,"04-Jan-2020 12:13 AM"
O0QIS71HWLCW,1500.00,Valid,"04-Jan-2020 12:13 AM"
RN2QKTMD3AOS,1500.00,Valid,"04-Jan-2020 12:13 AM"
QI5UUWXWT1WS,1500.00,Valid,"04-Jan-2020 12:13 AM"
37LCCAYHPJSW,1500.00,Valid,"04-Jan-2020 12:13 AM"
7T59HUL9Y9OG,1500.00,Valid,"04-Jan-2020 12:13 AM"
IOUNSZ8BBRWW,1500.00,Valid,"04-Jan-2020 12:13 AM"
4RN4A8KOOIW4,1500.00,Valid,"04-Jan-2020 12:13 AM"
DQE60DP6YJCC,1500.00,Valid,"04-Jan-2020 12:13 AM"
S370CAR4RMSW,1500.00,Valid,"04-Jan-2020 12:13 AM"
PAFF10KJTF4O,1500.00,Valid,"04-Jan-2020 12:13 AM"
OFATPO5VZEO0,1500.00,Valid,"04-Jan-2020 12:13 AM"
RYEWCTGE9KGS,1500.00,Valid,"04-Jan-2020 12:13 AM"
9DMFQOTQMSCG,1500.00,Valid,"04-Jan-2020 12:13 AM"
G7V9EX0XSYGC,1500.00,Valid,"04-Jan-2020 12:13 AM"
6M3TA41H5CG8,1500.00,Valid,"04-Jan-2020 12:13 AM"
CXFQDQ0HQHSK,1500.00,Valid,"04-Jan-2020 12:13 AM"
PRFM7QDXNSGO,1500.00,Valid,"04-Jan-2020 12:13 AM"
1Q4WEK9UUDDW,1500.00,Valid,"04-Jan-2020 12:13 AM"
DUC61E3HWKGG,1500.00,Valid,"04-Jan-2020 12:13 AM"
KNUPJBFE8CGW,1500.00,Valid,"04-Jan-2020 12:13 AM"
27SZRRFEWIQS,1500.00,Valid,"04-Jan-2020 12:13 AM"
L9ORNLRUVXSO,1500.00,Valid,"04-Jan-2020 12:13 AM"
6LCCFL0HR8SO,1500.00,Valid,"04-Jan-2020 12:13 AM"
SV98NN7ZMWGO,1500.00,Valid,"04-Jan-2020 12:13 AM"
OC9TPDZ8P80O,1500.00,Valid,"04-Jan-2020 12:13 AM"
HH7SCAM6U74K,1500.00,Valid,"04-Jan-2020 12:13 AM"
MHQVBJL1UAS0,1500.00,Valid,"04-Jan-2020 12:13 AM"
7HFTJ4QCLBWG,1500.00,Valid,"04-Jan-2020 12:13 AM"
EJY3N2LMYH44,1500.00,Valid,"04-Jan-2020 12:13 AM"
DYHCDK3E04GK,1500.00,Valid,"04-Jan-2020 12:13 AM"
5F2QGSMPUB48,1500.00,Valid,"04-Jan-2020 12:13 AM"
SF8982YRW00W,1500.00,Valid,"04-Jan-2020 12:13 AM"
IHAJNK66QI0O,1500.00,Valid,"04-Jan-2020 12:13 AM"
P9VZSLPV0USS,1500.00,Valid,"04-Jan-2020 12:13 AM"
LFOJMY8RXFK0,1500.00,Valid,"04-Jan-2020 12:13 AM"
QNNJVXRM1W08,1500.00,Valid,"04-Jan-2020 12:13 AM"
IDKLVXJWRA8G,1500.00,Valid,"04-Jan-2020 12:13 AM"
OH7UX791QDCW,1500.00,Valid,"04-Jan-2020 12:13 AM"
PSXA3447JF48,1500.00,Valid,"04-Jan-2020 12:13 AM"
2PRM3S3PA2QS,1500.00,Valid,"04-Jan-2020 12:13 AM"
3SV2ZE0JQQYO,1500.00,Valid,"04-Jan-2020 12:13 AM"
N93IB1GZDIOO,1500.00,Valid,"04-Jan-2020 12:13 AM"
FUS9CFZYG3S4,1500.00,Valid,"04-Jan-2020 12:13 AM"
BBWSYH2H3J4G,1500.00,Valid,"04-Jan-2020 12:13 AM"
T1BM7R0RF6S0,1500.00,Valid,"04-Jan-2020 12:13 AM"
BE43L7XRR34K,1500.00,Valid,"04-Jan-2020 12:13 AM"
ADUVZ6JFFMOK,1500.00,Valid,"04-Jan-2020 12:13 AM"
MO9GEYRHLIS8,1500.00,Valid,"04-Jan-2020 12:13 AM"
KLGR61KFXBKS,1500.00,Valid,"04-Jan-2020 12:13 AM"
5GCKZLNX1V48,1500.00,Valid,"04-Jan-2020 12:13 AM"
KRPK2QD6KO0G,1500.00,Valid,"04-Jan-2020 12:13 AM"
QD5LYMK25LWW,1500.00,Valid,"04-Jan-2020 12:13 AM"
2SING1XPV0CG,1500.00,Valid,"04-Jan-2020 12:13 AM"
LKVEASF1V74O,1500.00,Valid,"04-Jan-2020 12:13 AM"
TTJ82FYNOXCS,1500.00,Valid,"04-Jan-2020 12:13 AM"
HTQEKYS6BG0S,1500.00,Valid,"04-Jan-2020 12:13 AM"
BCN8P6DML88W,1500.00,Valid,"04-Jan-2020 12:13 AM"
TCBNUYTX6IOW,1500.00,Valid,"04-Jan-2020 12:13 AM"
KHZMJ76UCHCO,1500.00,Valid,"04-Jan-2020 12:13 AM"
T1I2YQ86JI8W,1500.00,Valid,"04-Jan-2020 12:13 AM"
26JYP5RITPQ8,1500.00,Valid,"04-Jan-2020 12:13 AM"
6YB8KHI9T2G4,1500.00,Valid,"04-Jan-2020 12:13 AM"
3K4F2Y362VWG,1500.00,Valid,"04-Jan-2020 12:13 AM"
FE9YKRAA4V4K,1500.00,Valid,"04-Jan-2020 12:13 AM"
3R72SZR1WGE8,1500.00,Valid,"04-Jan-2020 12:13 AM"
97D2OSH5IN0G,1500.00,Valid,"04-Jan-2020 12:13 AM"
CH5IF35YPC84,1500.00,Valid,"04-Jan-2020 12:13 AM"
QBFAJGYIS3K4,1500.00,Valid,"04-Jan-2020 12:13 AM"
H1DZ8MOXTIOS,1500.00,Valid,"04-Jan-2020 12:13 AM"
7MWJUY7L31GK,1500.00,Valid,"04-Jan-2020 12:13 AM"
6A9SOBW29O08,1500.00,Valid,"04-Jan-2020 12:13 AM"
QQQ35JE3EAOG,1500.00,Valid,"04-Jan-2020 12:13 AM"
8ETMZH29XJ40,1500.00,Valid,"04-Jan-2020 12:13 AM"
CU6JH0UNAVWW,1500.00,Valid,"04-Jan-2020 12:13 AM"
S8BSTMYEXJ44,1500.00,Valid,"04-Jan-2020 12:13 AM"
PH22A7C5780C,1500.00,Valid,"04-Jan-2020 12:13 AM"
NMRARYW2RG0S,1500.00,Valid,"04-Jan-2020 12:13 AM"
C4YB9Z6HXL44,1500.00,Valid,"04-Jan-2020 12:13 AM"
OLX8PEBQLQSS,1500.00,Valid,"04-Jan-2020 12:13 AM"
121F7HT6RT1C,1500.00,Valid,"04-Jan-2020 12:13 AM"
88W11XU68QGW,1500.00,Valid,"04-Jan-2020 12:13 AM"
S8OW0BWYTOG4,1500.00,Valid,"04-Jan-2020 12:13 AM"
DJJOBUCDOZWO,1500.00,Valid,"04-Jan-2020 12:13 AM"
16J04BLZN6AO,1500.00,Valid,"04-Jan-2020 12:13 AM"
HJS9OSRA8RKK,1500.00,Valid,"04-Jan-2020 12:13 AM"
OV6GEV7LJASC,1500.00,Valid,"04-Jan-2020 12:13 AM"
F74QGGC883K0,1500.00,Valid,"04-Jan-2020 12:13 AM"
OVUU5ZM7IGGO,1500.00,Valid,"04-Jan-2020 12:13 AM"
GTK4NZ9E2FC4,1500.00,Valid,"04-Jan-2020 12:13 AM"
GSSKY5V05EGC,1500.00,Valid,"04-Jan-2020 12:13 AM"
QS9T0OZSDFK0,1500.00,Valid,"04-Jan-2020 12:13 AM"
CAZ2Q008LU04,1500.00,Valid,"04-Jan-2020 12:13 AM"
6XRR3YM38C8W,1500.00,Valid,"04-Jan-2020 12:13 AM"
3TCZRDEMN3UO,1500.00,Valid,"04-Jan-2020 12:13 AM"
TW0D74LR1R4G,1500.00,Valid,"04-Jan-2020 12:13 AM"
NJ0EGK2OP9WC,1500.00,Valid,"04-Jan-2020 12:13 AM"
F50J74GMF1SS,1500.00,Valid,"04-Jan-2020 12:13 AM"
OORK7NM3J808,1500.00,Valid,"04-Jan-2020 12:13 AM"
9L3KNZC1VO08,1500.00,Valid,"04-Jan-2020 12:13 AM"
M3PSHZD3SLS8,1500.00,Valid,"04-Jan-2020 12:13 AM"
7HM25VT54TGK,1500.00,Valid,"04-Jan-2020 12:13 AM"
D5ZF17VKILSS,1500.00,Valid,"04-Jan-2020 12:13 AM"
5XJXKJVTIPKW,1500.00,Valid,"04-Jan-2020 12:13 AM"
J7R2CCMPJFSO,1500.00,Valid,"04-Jan-2020 12:13 AM"
M0QOO9ED680W,1500.00,Valid,"04-Jan-2020 12:13 AM"
G95T8MRIKY04,1500.00,Valid,"04-Jan-2020 12:13 AM"
K7ZGWY0O2DS8,1500.00,Valid,"04-Jan-2020 12:13 AM"
EMH61K4SF8GG,1500.00,Valid,"04-Jan-2020 12:13 AM"
D2CY8VDHI3KK,1500.00,Valid,"04-Jan-2020 12:13 AM"
PWMGY4RQK3KW,1500.00,Valid,"04-Jan-2020 12:13 AM"
IB8UNLO59L44,1500.00,Valid,"04-Jan-2020 12:13 AM"
GCLLDHJ9NEGW,1500.00,Valid,"04-Jan-2020 12:13 AM"
MYLH5HV3P5C8,1500.00,Valid,"04-Jan-2020 12:13 AM"
72UO9CR6E3CW,1500.00,Valid,"04-Jan-2020 12:13 AM"
M82PPZIJX68O,1500.00,Valid,"04-Jan-2020 12:13 AM"
SFGBGHPP4W00,1500.00,Valid,"04-Jan-2020 12:13 AM"
QEF2G5K2CLWO,1500.00,Valid,"04-Jan-2020 12:13 AM"
1VB3NSC6IR28,1500.00,Valid,"04-Jan-2020 12:13 AM"
MRWJHEIIJQOS,1500.00,Valid,"04-Jan-2020 12:13 AM"
QIBTQ0VHMAS0,1500.00,Valid,"04-Jan-2020 12:13 AM"
KBZE01HZL6O0,1500.00,Valid,"04-Jan-2020 12:13 AM"
C31GPLMT4E0W,1500.00,Valid,"04-Jan-2020 12:13 AM"
OAOMMJ62TJK8,1500.00,Valid,"04-Jan-2020 12:13 AM"
QD4BIVSUFDWW,1500.00,Valid,"04-Jan-2020 12:13 AM"
5H2D5UZA8B0O,1500.00,Valid,"04-Jan-2020 12:13 AM"
SPL1IVD9VN4S,1500.00,Valid,"04-Jan-2020 12:13 AM"
4LT7AUJW1JMS,1500.00,Valid,"04-Jan-2020 12:13 AM"
RO1I9FD9KV4K,1500.00,Valid,"04-Jan-2020 12:13 AM"
COZOZWJOO5WS,1500.00,Valid,"04-Jan-2020 12:13 AM"
E7YDFITZL4OW,1500.00,Valid,"04-Jan-2020 12:13 AM"
6LTNRM3BF08W,1500.00,Valid,"04-Jan-2020 12:13 AM"
IIXT34Q13ZWC,1500.00,Valid,"04-Jan-2020 12:13 AM"
K5J8QXMIA2O0,1500.00,Valid,"04-Jan-2020 12:13 AM"
FTKU1MHGWBCC,1500.00,Valid,"04-Jan-2020 12:13 AM"
DBFOOQJQVRC4,1500.00,Valid,"04-Jan-2020 12:13 AM"
1EZ39J55D874,1500.00,Valid,"04-Jan-2020 12:13 AM"
1XR0I4JOHBVO,1500.00,Valid,"04-Jan-2020 12:13 AM"
2OZWYT69HACK,1500.00,Valid,"04-Jan-2020 12:13 AM"
T4GBBV2YY00G,1500.00,Valid,"04-Jan-2020 12:13 AM"
36WX68S6O9IC,1500.00,Valid,"04-Jan-2020 12:13 AM"
KGXND9RI8N44,1500.00,Valid,"04-Jan-2020 12:13 AM"
TOIKD165ZHWC,1500.00,Valid,"04-Jan-2020 12:13 AM"
T48ZKFM0H40G,1500.00,Valid,"04-Jan-2020 12:13 AM"
R5AEX3UF5DCS,1500.00,Valid,"04-Jan-2020 12:13 AM"
KPV40P30ZF4C,1500.00,Valid,"04-Jan-2020 12:13 AM"
OKWP3JQYTE8C,1500.00,Valid,"04-Jan-2020 12:13 AM"
95UVLHMOSBGG,1500.00,Valid,"04-Jan-2020 12:13 AM"
8NU1I9P4DZGO,1500.00,Valid,"04-Jan-2020 12:13 AM"
5U0VNL0TDM04,1500.00,Valid,"04-Jan-2020 12:13 AM"
VPCBOG84CJK0,1500.00,Valid,"04-Jan-2020 12:13 AM"
K9DBRY2DKN44,1500.00,Valid,"04-Jan-2020 12:13 AM"
TGXGE0L9C1WG,1500.00,Valid,"04-Jan-2020 12:13 AM"
9PSWISF9AJ48,1500.00,Valid,"04-Jan-2020 12:13 AM"
NTDXSOX842OG,1500.00,Valid,"04-Jan-2020 12:13 AM"
QZB03MWHY68W,1500.00,Valid,"04-Jan-2020 12:13 AM"
CO4I3OEALE04,1500.00,Valid,"04-Jan-2020 12:13 AM"
JZFIAQ6U2WGO,1500.00,Valid,"04-Jan-2020 12:13 AM"
CAXNFU0V6FSC,1500.00,Valid,"04-Jan-2020 12:13 AM"
FZWHM3SZ0VCO,1500.00,Valid,"04-Jan-2020 12:13 AM"
HLS1AH7A2SOO,1500.00,Valid,"04-Jan-2020 12:13 AM"
5G5BA1UW05GK,1500.00,Valid,"04-Jan-2020 12:13 AM"
B47I91QUSVKS,1500.00,Valid,"04-Jan-2020 12:13 AM"
NGFQZYMEYM8W,1500.00,Valid,"04-Jan-2020 12:13 AM"
4POAAL872Y04,1500.00,Valid,"04-Jan-2020 12:13 AM"
RSWJ1N08T6OW,1500.00,Valid,"04-Jan-2020 12:13 AM"
N0PZNYXY8R4C,1500.00,Valid,"04-Jan-2020 12:13 AM"
7CNU06SLIWKC,1500.00,Valid,"04-Jan-2020 12:13 AM"
AB0RQVQZJFSO,1500.00,Valid,"04-Jan-2020 12:13 AM"
D98AOINJTM0O,1500.00,Valid,"04-Jan-2020 12:13 AM"
GXIRXMUK78OO,1500.00,Valid,"04-Jan-2020 12:13 AM"
FTPUDWKUV5KW,1500.00,Valid,"04-Jan-2020 12:13 AM"
L6VNB2LUSR48,1500.00,Valid,"04-Jan-2020 12:13 AM"
JB1SQKICHR4K,1500.00,Valid,"04-Jan-2020 12:13 AM"
ICSQ4ZQ88E80,1500.00,Valid,"04-Jan-2020 12:13 AM"
PTQ5QDZT8O0G,1500.00,Valid,"04-Jan-2020 12:13 AM"
R9LSLSFKBWG4,1500.00,Valid,"04-Jan-2020 12:13 AM"
MULR63ZE2J4C,1500.00,Valid,"04-Jan-2020 12:13 AM"
FEBQ4MTUQFSC,1500.00,Valid,"04-Jan-2020 12:13 AM"
1ZAYRGPKR0CG,1500.00,Valid,"04-Jan-2020 12:13 AM"
G9LH0NBE1YOS,1500.00,Valid,"04-Jan-2020 12:13 AM"
MGGEFBJ6FNKW,1500.00,Valid,"04-Jan-2020 12:13 AM"
67RK9GZSY8GS,1500.00,Valid,"04-Jan-2020 12:13 AM"
6Q0IDQFJ7YG4,1500.00,Valid,"04-Jan-2020 12:13 AM"
A1P60HWK8UWC,1500.00,Valid,"04-Jan-2020 12:13 AM"
PB79LBQX7AOO,1500.00,Valid,"04-Jan-2020 12:13 AM"
DOWUNOMN05S8,1500.00,Valid,"04-Jan-2020 12:13 AM"
6287CLDIY4WS,1500.00,Valid,"04-Jan-2020 12:13 AM"
SKRY73O9SO0K,1500.00,Valid,"04-Jan-2020 12:13 AM"
J59AM9X69PKO,1500.00,Valid,"04-Jan-2020 12:13 AM"
15LREUP7K8QO,1500.00,Valid,"04-Jan-2020 12:13 AM"
9SONNKXAC6OS,1500.00,Valid,"04-Jan-2020 12:13 AM"
D9KAB5XW5W8C,1500.00,Valid,"04-Jan-2020 12:13 AM"
THBBRXZ2C9W0,1500.00,Valid,"04-Jan-2020 12:13 AM"
RG5I8X0AR7K4,1500.00,Valid,"04-Jan-2020 12:13 AM"
FVW85OU74A8S,1500.00,Valid,"04-Jan-2020 12:13 AM"
FGP3FVN9GRSO,1500.00,Valid,"04-Jan-2020 12:13 AM"
OJ39INWJVTWW,1500.00,Valid,"04-Jan-2020 12:13 AM"
G6YIE237HBCO,1500.00,Valid,"04-Jan-2020 12:13 AM"
J9TOHK9XA8G8,1500.00,Valid,"04-Jan-2020 12:13 AM"
H2UA4M9EFFW4,1500.00,Valid,"04-Jan-2020 12:13 AM"
AMG9SWSH9MO0,1500.00,Valid,"04-Jan-2020 12:13 AM"
NPGQRJOJC7K8,1500.00,Valid,"04-Jan-2020 12:13 AM"
7EPI8M917F4S,1500.00,Valid,"04-Jan-2020 12:13 AM"
76G2AQ0T9Q4G,1500.00,Valid,"04-Jan-2020 12:13 AM"
PFFU6N6XYO0W,1500.00,Valid,"04-Jan-2020 12:13 AM"
7LOVP3DHNW0S,1500.00,Valid,"04-Jan-2020 12:13 AM"
GK31ST7ZME8G,1500.00,Valid,"04-Jan-2020 12:13 AM"
2W4THGIECJS4,1500.00,Valid,"04-Jan-2020 12:13 AM"
VLSUUOTTB6S4,1500.00,Valid,"04-Jan-2020 12:13 AM"
9B3JYNINFZ0G,1500.00,Valid,"04-Jan-2020 12:13 AM"
KR1X5JA0WKGK,1500.00,Valid,"04-Jan-2020 12:13 AM"
TTJ0DA0QNTW0,1500.00,Valid,"04-Jan-2020 12:13 AM"
RLF4VDU0VEO0,1500.00,Valid,"04-Jan-2020 12:13 AM"
CG2G3W9LN9S8,1500.00,Valid,"04-Jan-2020 12:13 AM"
IJP5T7QXG2OG,1500.00,Valid,"04-Jan-2020 12:13 AM"
6241XERQ818O,1500.00,Valid,"04-Jan-2020 12:13 AM"
LW1YR1R6B1CK,1500.00,Valid,"04-Jan-2020 12:13 AM"
6ES45O92Y7SW,1500.00,Valid,"04-Jan-2020 12:13 AM"
8PBXNVS9C8OW,1500.00,Valid,"04-Jan-2020 12:13 AM"
2A5M3C4NXNGG,1500.00,Valid,"04-Jan-2020 12:13 AM"
27B7OX39XXJ4,1500.00,Valid,"04-Jan-2020 12:13 AM"
SS0VMND1EN4K,1500.00,Valid,"04-Jan-2020 12:13 AM"
LI5NUEGJMZ48,1500.00,Valid,"04-Jan-2020 12:13 AM"
H4JYOHG8QDWS,1500.00,Valid,"04-Jan-2020 12:13 AM"
2M0YVB3WKVI8,1500.00,Valid,"04-Jan-2020 12:13 AM"
22Y8QPADARLW,1500.00,Valid,"04-Jan-2020 12:13 AM"
1JAHX8WWSB8K,1500.00,Valid,"04-Jan-2020 12:13 AM"
DD4WY8U1M5CK,1500.00,Valid,"04-Jan-2020 12:13 AM"
FO0E31REC288,1500.00,Valid,"04-Jan-2020 12:13 AM"
KSMM62MY8YOK,1500.00,Valid,"04-Jan-2020 12:13 AM"
RRX8QEWFR5CO,1500.00,Valid,"04-Jan-2020 12:13 AM"
CIU7U39MB54O,1500.00,Valid,"04-Jan-2020 12:13 AM"
64QPVI0OD08W,1500.00,Valid,"04-Jan-2020 12:13 AM"
MZ67XBMU1O0S,1500.00,Valid,"04-Jan-2020 12:13 AM"
QHPJ51NDTW08,1500.00,Valid,"04-Jan-2020 12:13 AM"
8XPUS8469DS0,1500.00,Valid,"04-Jan-2020 12:13 AM"
T64VR4PLH34W,1500.00,Valid,"04-Jan-2020 12:13 AM"
FE57MCA74Q8S,1500.00,Valid,"04-Jan-2020 12:13 AM"
L5LJIQJO3C0K,1500.00,Valid,"04-Jan-2020 12:13 AM"
T4662NZ43FKK,1500.00,Valid,"04-Jan-2020 12:13 AM"
ROJ23V1T3NK4,1500.00,Valid,"04-Jan-2020 12:13 AM"
QY8NLEXF7MOK,1500.00,Valid,"04-Jan-2020 12:13 AM"
E6SKNLP0P40G,1500.00,Valid,"04-Jan-2020 12:13 AM"
64KRBGN78PS0,1500.00,Valid,"04-Jan-2020 12:13 AM"
MOLMSWHLBYOC,1500.00,Valid,"04-Jan-2020 12:13 AM"
8B4BUDAZJ94W,1500.00,Valid,"04-Jan-2020 12:13 AM"
S96ZQRR5UISG,1500.00,Valid,"04-Jan-2020 12:13 AM"
IAE7N0WQZ3CO,1500.00,Valid,"04-Jan-2020 12:13 AM"
J9Y7MGTP0R48,1500.00,Valid,"04-Jan-2020 12:13 AM"
TFZDSXTGZV48,1500.00,Valid,"04-Jan-2020 12:13 AM"
15Y22FGUBFPC,1500.00,Valid,"04-Jan-2020 12:13 AM"
2HSEI07UULKW,1500.00,Valid,"04-Jan-2020 12:13 AM"
JN05LTOW1E88,1500.00,Valid,"04-Jan-2020 12:13 AM"
91FRR1AWUVC4,1500.00,Valid,"04-Jan-2020 12:13 AM"
1E096XD93RY8,1500.00,Valid,"04-Jan-2020 12:13 AM"
D3K3G7L19N48,1500.00,Valid,"04-Jan-2020 12:13 AM"
EFOPXTHGN2G4,1500.00,Valid,"04-Jan-2020 12:13 AM"
CH8D2YC7SXWG,1500.00,Valid,"04-Jan-2020 12:13 AM"
GJB1N0NLVA0C,1500.00,Valid,"04-Jan-2020 12:13 AM"
6DBE7SUGC7GO,1500.00,Valid,"04-Jan-2020 12:13 AM"
KQO9GPE40PC8,1500.00,Valid,"04-Jan-2020 12:13 AM"
RH2SG7CQ9J4W,1500.00,Valid,"04-Jan-2020 12:13 AM"
J9ERZTK3YCOO,1500.00,Valid,"04-Jan-2020 12:13 AM"
P2RDYLJZ8AOW,1500.00,Valid,"04-Jan-2020 12:13 AM"
NYTJNBBQISGG,1500.00,Valid,"04-Jan-2020 12:13 AM"
BHA7Z17ZLI8K,1500.00,Valid,"04-Jan-2020 12:13 AM"
4LR5EKDBAA04,1500.00,Valid,"04-Jan-2020 12:13 AM"
DQ73OD45S60C,1500.00,Valid,"04-Jan-2020 12:13 AM"
IYC31FH3J400,1500.00,Valid,"04-Jan-2020 12:13 AM"
OHP4VPE0RWGW,1500.00,Valid,"04-Jan-2020 12:13 AM"
MSNF0SH28TCG,1500.00,Valid,"04-Jan-2020 12:13 AM"
FRQ4PQ6NCZWO,1500.00,Valid,"04-Jan-2020 12:13 AM"
JQ9Q914R8HSW,1500.00,Valid,"04-Jan-2020 12:13 AM"
MSI5D55L6N4K,1500.00,Valid,"04-Jan-2020 12:13 AM"
S1Y1LCIWDHC4,1500.00,Valid,"04-Jan-2020 12:13 AM"
BEUJHFBMTTS0,1500.00,Valid,"04-Jan-2020 12:13 AM"
H5JCDE7QURCW,1500.00,Valid,"04-Jan-2020 12:13 AM"
JY7WD0ZO7MOG,1500.00,Valid,"04-Jan-2020 12:13 AM"
KZX9Y2UWDW0C,1500.00,Valid,"04-Jan-2020 12:13 AM"
LWJJQZODDHS8,1500.00,Valid,"04-Jan-2020 12:13 AM"
M7CLSLBEQM8W,1500.00,Valid,"04-Jan-2020 12:13 AM"
PP2D4FMQ3XCK,1500.00,Valid,"04-Jan-2020 12:13 AM"
SANXP5UUAJ4C,1500.00,Valid,"04-Jan-2020 12:13 AM"
NBBED6V1FPWO,1500.00,Valid,"04-Jan-2020 12:13 AM"
FUXSFJLD6SGK,1500.00,Valid,"04-Jan-2020 12:13 AM"
5T3DPJFPKXS0,1500.00,Valid,"04-Jan-2020 12:13 AM"
R0IZDY4UB0G4,1500.00,Valid,"04-Jan-2020 12:13 AM"
73K2B5LAKJ8C,1500.00,Valid,"04-Jan-2020 12:13 AM"
34BSEMWXJAQS,1500.00,Valid,"04-Jan-2020 12:13 AM"
9VY8XEP1X3C4,1500.00,Valid,"04-Jan-2020 12:13 AM"
QLM8IV85CK0C,1500.00,Valid,"04-Jan-2020 12:13 AM"
87PNRRZB2P44,1500.00,Valid,"04-Jan-2020 12:13 AM"
KK7GFS7ZA1W0,1500.00,Valid,"04-Jan-2020 12:13 AM"
1AX3CES0OFI8,1500.00,Valid,"04-Jan-2020 12:13 AM"
FFWAIDFKQB4S,1500.00,Valid,"04-Jan-2020 12:13 AM"
5MND61EAW0W0,1500.00,Valid,"04-Jan-2020 12:13 AM"
GXJ28KJ0U9S0,1500.00,Valid,"04-Jan-2020 12:13 AM"
J7N3TJ2YNNWO,1500.00,Valid,"04-Jan-2020 12:13 AM"
M42UOM7NK1SW,1500.00,Valid,"04-Jan-2020 12:13 AM"
NWOL038BE804,1500.00,Valid,"04-Jan-2020 12:13 AM"
OY21I8WVCIOG,1500.00,Valid,"04-Jan-2020 12:13 AM"
50CDZW4Y8YW4,1500.00,Valid,"04-Jan-2020 12:13 AM"
QHJKOQYA11C4,1500.00,Valid,"04-Jan-2020 12:13 AM"
CP4LJHVEEIGW,1500.00,Valid,"04-Jan-2020 12:13 AM"
L4N5LEKJ7DW0,1500.00,Valid,"04-Jan-2020 12:13 AM"
KC95F43IL7KK,1500.00,Valid,"04-Jan-2020 12:13 AM"
4DKIBIHOUTKW,1500.00,Valid,"04-Jan-2020 12:13 AM"
LN48IJMDI9SW,1500.00,Valid,"04-Jan-2020 12:13 AM"
HPQKB9EP1B4K,1500.00,Valid,"04-Jan-2020 12:13 AM"
8LDUCICWZOKK,1500.00,Valid,"04-Jan-2020 12:13 AM"
MRGI5POTWA8O,1500.00,Valid,"04-Jan-2020 12:13 AM"
H626VG0Z14GS,1500.00,Valid,"04-Jan-2020 12:13 AM"
JPZKKB3QN1W8,1500.00,Valid,"04-Jan-2020 12:13 AM"
HJ1J3WUATXWS,1500.00,Valid,"04-Jan-2020 12:13 AM"
MMH0ASFQ0QOW,1500.00,Valid,"04-Jan-2020 12:13 AM"
MI3UY4GNV4GC,1500.00,Valid,"04-Jan-2020 12:13 AM"
GM510OVY77K0,1500.00,Valid,"04-Jan-2020 12:13 AM"
IJDUWNWKQY8S,1500.00,Valid,"04-Jan-2020 12:13 AM"
371NIHXCUJI8,1500.00,Valid,"04-Jan-2020 12:13 AM"
TOI1YBJP3400,1500.00,Valid,"04-Jan-2020 12:13 AM"
361VC77JTO84,1500.00,Valid,"04-Jan-2020 12:13 AM"
AHNY4Q36AIW4,1500.00,Valid,"04-Jan-2020 12:13 AM"
R77ZUCBH3MS0,1500.00,Valid,"04-Jan-2020 12:13 AM"
R9V2E7NIZR40,1500.00,Valid,"04-Jan-2020 12:13 AM"
JQK2RPB1AO0W,1500.00,Valid,"04-Jan-2020 12:13 AM"
9434EG53W3K0,1500.00,Valid,"04-Jan-2020 12:13 AM"
1TZHIJ5S3BMS,1500.00,Valid,"04-Jan-2020 12:13 AM"
T1KEZNYY8S0S,1500.00,Valid,"04-Jan-2020 12:13 AM"
GJOTJ01OBS0G,1500.00,Valid,"04-Jan-2020 12:13 AM"
9G6UOC7Z4TOO,1500.00,Valid,"04-Jan-2020 12:13 AM"
SJHH45UILBKS,1500.00,Valid,"04-Jan-2020 12:13 AM"
G0S47M6QVTKC,1500.00,Valid,"04-Jan-2020 12:13 AM"
5CBFPP7XII4O,1500.00,Valid,"04-Jan-2020 12:13 AM"
DL9PI214HHS8,1500.00,Valid,"04-Jan-2020 12:13 AM"
OYBBRVCAOXCO,1500.00,Valid,"04-Jan-2020 12:13 AM"
NR543MXFG5C0,1500.00,Valid,"04-Jan-2020 12:13 AM"
B9DQ1C8RIXKC,1500.00,Valid,"04-Jan-2020 12:13 AM"
FN3K08W9ZVCC,1500.00,Valid,"04-Jan-2020 12:13 AM"
IQFKKCLZSX4O,1500.00,Valid,"04-Jan-2020 12:13 AM"
32CLSZUM7IEC,1500.00,Valid,"04-Jan-2020 12:13 AM"
3BPYVT9KOX4W,1500.00,Valid,"04-Jan-2020 12:13 AM"
1GR9FNY5AIBO,1500.00,Valid,"04-Jan-2020 12:13 AM"
N5J2C9XZ0Q8S,1500.00,Valid,"04-Jan-2020 12:13 AM"
GCK8OG9HWBW4,1500.00,Valid,"04-Jan-2020 12:13 AM"
IZSQF31MWVKS,1500.00,Valid,"04-Jan-2020 12:13 AM"
TAXZQO3JUO00,1500.00,Valid,"04-Jan-2020 12:13 AM"
HBPMADPCSC0S,1500.00,Valid,"04-Jan-2020 12:13 AM"
72Q2PB1KQ4W8,1500.00,Valid,"04-Jan-2020 12:13 AM"
5CGZPKAT7UGW,1500.00,Valid,"04-Jan-2020 12:13 AM"
1MVGVNTMPVJ4,1500.00,Valid,"04-Jan-2020 12:13 AM"
4XBDS2860DMO,1500.00,Valid,"04-Jan-2020 12:13 AM"
JYW7M37TMQOK,1500.00,Valid,"04-Jan-2020 12:13 AM"
OC76ACLB91C0,1500.00,Valid,"04-Jan-2020 12:13 AM"
DM9NWLJXBQGO,1500.00,Valid,"04-Jan-2020 12:13 AM"
I5B3GK6VM9S0,1500.00,Valid,"04-Jan-2020 12:13 AM"
A10Z4THKOPSG,1500.00,Valid,"04-Jan-2020 12:13 AM"
SYMUG1FANI80,1500.00,Valid,"04-Jan-2020 12:13 AM"
4LVIQ3YNGFQC,1500.00,Valid,"04-Jan-2020 12:13 AM"
EWVQ2QF0YPKW,1500.00,Valid,"04-Jan-2020 12:13 AM"
FWZPE7173FKG,1500.00,Valid,"04-Jan-2020 12:13 AM"
M43GK70VKPC8,1500.00,Valid,"04-Jan-2020 12:13 AM"
KX5OHGFDIHSK,1500.00,Valid,"04-Jan-2020 12:13 AM"
3JVKSOOJQG2S,1500.00,Valid,"04-Jan-2020 12:13 AM"
5U2CYCVCIZWO,1500.00,Valid,"04-Jan-2020 12:13 AM"
LROLV0Q30I8C,1500.00,Valid,"04-Jan-2020 12:13 AM"
TS56QRIPLVK0,1500.00,Valid,"04-Jan-2020 12:13 AM"
J59YOROYEB4S,1500.00,Valid,"04-Jan-2020 12:13 AM"
FZUFCLLVZ4OC,1500.00,Valid,"04-Jan-2020 12:13 AM"
5JPQTVZ16NSW,1500.00,Valid,"04-Jan-2020 12:13 AM"
2GSE9T3K8P44,1500.00,Valid,"04-Jan-2020 12:13 AM"
FNO9LXYZ0I88,1500.00,Valid,"04-Jan-2020 12:13 AM"
MKOYO9HYL5C8,1500.00,Valid,"04-Jan-2020 12:13 AM"
GGDH0FGQYCGK,1500.00,Valid,"04-Jan-2020 12:13 AM"
QBHL5WJ9OHWG,1500.00,Valid,"04-Jan-2020 12:13 AM"
NGV81T3PIOGC,1500.00,Valid,"04-Jan-2020 12:13 AM"
J3DW8935DFWO,1500.00,Valid,"04-Jan-2020 12:13 AM"
BCF84IZZRJ4K,1500.00,Valid,"04-Jan-2020 12:13 AM"
KRRZPQLRFHSO,1500.00,Valid,"04-Jan-2020 12:13 AM"
N9E3O5372ASW,1500.00,Valid,"04-Jan-2020 12:13 AM"
CIPC54YW8F4K,1500.00,Valid,"04-Jan-2020 12:13 AM"
EF7PQBLKJ9C0,1500.00,Valid,"04-Jan-2020 12:13 AM"
C94FR5LGIGGS,1500.00,Valid,"04-Jan-2020 12:13 AM"
120JIEFEFVE8,1500.00,Valid,"04-Jan-2020 12:13 AM"
423879GOSRMS,1500.00,Valid,"04-Jan-2020 12:13 AM"
P4MZJEEFVCGS,1500.00,Valid,"04-Jan-2020 12:13 AM"
CJF6Q130IX44,1500.00,Valid,"04-Jan-2020 12:13 AM"
T6QKV7B7PB4K,1500.00,Valid,"04-Jan-2020 12:13 AM"
IS1D0WLMTMO0,1500.00,Valid,"04-Jan-2020 12:13 AM"
P9VA24BNTJKC,1500.00,Valid,"04-Jan-2020 12:13 AM"
AQXANPJYTYWW,1500.00,Valid,"04-Jan-2020 12:13 AM"
69E7N7GUP5OG,1500.00,Valid,"04-Jan-2020 12:13 AM"
LUDOVQOKNA8K,1500.00,Valid,"04-Jan-2020 12:13 AM"
PVIS7UYEA2SK,1500.00,Valid,"04-Jan-2020 12:13 AM"
1P7SV153Q9I8,1500.00,Valid,"04-Jan-2020 12:13 AM"
NXGRHQKPCIOG,1500.00,Valid,"04-Jan-2020 12:13 AM"
RFR56JHXHTWK,1500.00,Valid,"04-Jan-2020 12:13 AM"
C854GBO1MFSC,1500.00,Valid,"04-Jan-2020 12:13 AM"
44489KTL5RUO,1500.00,Valid,"04-Jan-2020 12:13 AM"
SC1L4QTPR3KS,1500.00,Valid,"04-Jan-2020 12:13 AM"
AHNR64ODZVKG,1500.00,Valid,"04-Jan-2020 12:13 AM"
7CATUHA9QMKO,1500.00,Valid,"04-Jan-2020 12:13 AM"
9U34HZ6T92KO,1500.00,Valid,"04-Jan-2020 12:13 AM"
BR04I6N5NVKK,1500.00,Valid,"04-Jan-2020 12:13 AM"
K9GCUGADYDWO,1500.00,Valid,"04-Jan-2020 12:13 AM"
MZ2OVE7VCG04,1500.00,Valid,"04-Jan-2020 12:13 AM"
A98BL91L9JK8,1500.00,Valid,"04-Jan-2020 12:13 AM"
8PRZ3EU6JEW4,1500.00,Valid,"04-Jan-2020 12:13 AM"
NEVQYGSCDN48,1500.00,Valid,"04-Jan-2020 12:13 AM"
MUSE14AY31WC,1500.00,Valid,"04-Jan-2020 12:13 AM"
MFMU5N0W6UOO,1500.00,Valid,"04-Jan-2020 12:13 AM"
IJL66ICWXQ0W,1500.00,Valid,"04-Jan-2020 12:13 AM"
RQX1XPFN3C0G,1500.00,Valid,"04-Jan-2020 12:13 AM"
7KNX15SSC7C4,1500.00,Valid,"04-Jan-2020 12:13 AM"
5VXI3PBE1COW,1500.00,Valid,"04-Jan-2020 12:13 AM"
MHS8F6BVOAO4,1500.00,Valid,"04-Jan-2020 12:13 AM"
85UL7N5ITAO8,1500.00,Valid,"04-Jan-2020 12:13 AM"
QB55U9HMXCGC,1500.00,Valid,"04-Jan-2020 12:13 AM"
RNI8XXLUPI8G,1500.00,Valid,"04-Jan-2020 12:13 AM"
OIM8SW98PZ40,1500.00,Valid,"04-Jan-2020 12:13 AM"
7T4RA6UYXYKO,1500.00,Valid,"04-Jan-2020 12:13 AM"
OW8TS3PGJJ4K,1500.00,Valid,"04-Jan-2020 12:13 AM"
KATMINPLZR44,1500.00,Valid,"04-Jan-2020 12:13 AM"
61W56ZW1JXK4,1500.00,Valid,"04-Jan-2020 12:13 AM"
3VVCSFSUHDKW,1500.00,Valid,"04-Jan-2020 12:13 AM"
H9QPNTDOVH4C,1500.00,Valid,"04-Jan-2020 12:13 AM"
9TI1YSJI3FGG,1500.00,Valid,"04-Jan-2020 12:13 AM"
8LO3F1QX8CKK,1500.00,Valid,"04-Jan-2020 12:13 AM"
Q8S7S2Z2XMO4,1500.00,Valid,"04-Jan-2020 12:13 AM"
HHLJMRX1MJCC,1500.00,Valid,"04-Jan-2020 12:13 AM"
CCSWXPQYSIGC,1500.00,Valid,"04-Jan-2020 12:13 AM"
NCBF7D1BXA84,1500.00,Valid,"04-Jan-2020 12:13 AM"
HAE4ABZ55FS4,1500.00,Valid,"04-Jan-2020 12:13 AM"
CQJMGE4R8LK4,1500.00,Valid,"04-Jan-2020 12:13 AM"
6DTK2JIJ7SGS,1500.00,Valid,"04-Jan-2020 12:13 AM"
OG5ZKD2VOYOG,1500.00,Valid,"04-Jan-2020 12:13 AM"
Q53DD3KIT9CG,1500.00,Valid,"04-Jan-2020 12:13 AM"
9T09YTJ4UVOC,1500.00,Valid,"04-Jan-2020 12:13 AM"
3H332WSQ9WYS,1500.00,Valid,"04-Jan-2020 12:13 AM"
8ML8P7M29008,1500.00,Valid,"04-Jan-2020 12:13 AM"
I4MK7SBNUSGG,1500.00,Valid,"04-Jan-2020 12:13 AM"
1CLTPRDQYQ4K,1500.00,Valid,"04-Jan-2020 12:13 AM"
G11FUJTQ9Q80,1500.00,Valid,"04-Jan-2020 12:13 AM"
CELFRO0GIBS4,1500.00,Valid,"04-Jan-2020 12:13 AM"
FUWRZ3JDYUOS,1500.00,Valid,"04-Jan-2020 12:13 AM"
6EVT32RC7LS0,1500.00,Valid,"04-Jan-2020 12:13 AM"
9SYZFTT25OG0,1500.00,Valid,"04-Jan-2020 12:13 AM"
KQMK6A8Q3N4S,1500.00,Valid,"04-Jan-2020 12:13 AM"
BF2KV53DUKO4,1500.00,Valid,"04-Jan-2020 12:13 AM"
HGTCMXZZ9N48,1500.00,Valid,"04-Jan-2020 12:13 AM"
36UY5MCNQXGK,1500.00,Valid,"04-Jan-2020 12:13 AM"
7CIVLH3BZOSO,1500.00,Valid,"04-Jan-2020 12:13 AM"
CDHA41SLVLKW,1500.00,Valid,"04-Jan-2020 12:13 AM"
GWD78NXJNK00,1500.00,Valid,"04-Jan-2020 12:13 AM"
FGMMD28T1G08,1500.00,Valid,"04-Jan-2020 12:13 AM"
7EOPOE9U6N8K,1500.00,Valid,"04-Jan-2020 12:13 AM"
18Y64N2XXH1C,1500.00,Valid,"04-Jan-2020 12:13 AM"
CWLT6JB5SW84,1500.00,Valid,"04-Jan-2020 12:13 AM"
MUK0V902XUS4,1500.00,Valid,"04-Jan-2020 12:13 AM"
KVEI7SM0A680,1500.00,Valid,"04-Jan-2020 12:13 AM"
EZII1KDO120C,1500.00,Valid,"04-Jan-2020 12:13 AM"
FTFMCR3ZFC8O,1500.00,Valid,"04-Jan-2020 12:13 AM"
9WNS6UX4SN40,1500.00,Valid,"04-Jan-2020 12:13 AM"
K9TB1AIP5AO8,1500.00,Valid,"04-Jan-2020 12:13 AM"
BDVX8VUHCO0K,1500.00,Valid,"04-Jan-2020 12:13 AM"
OS9W1Z6YSF4K,1500.00,Valid,"04-Jan-2020 12:13 AM"
NGXSUO1AFCGO,1500.00,Valid,"04-Jan-2020 12:13 AM"
6MFHES7OHS4K,1500.00,Valid,"04-Jan-2020 12:13 AM"
AVQN9RQKLEOK,1500.00,Valid,"04-Jan-2020 12:13 AM"
PRZXOJFHLE88,1500.00,Valid,"04-Jan-2020 12:13 AM"
GY78O43R7G0S,1500.00,Valid,"04-Jan-2020 12:13 AM"
1GZN058DFU4K,1500.00,Valid,"04-Jan-2020 12:13 AM"
ONFEU7Z3HIOS,1500.00,Valid,"04-Jan-2020 12:13 AM"
8KFXGW8EBLCS,1500.00,Valid,"04-Jan-2020 12:13 AM"
NA91WP4MTI8K,1500.00,Valid,"04-Jan-2020 12:13 AM"
TMYQOM20T34W,1500.00,Valid,"04-Jan-2020 12:13 AM"
4J4L9GD9IOMC,1500.00,Valid,"04-Jan-2020 12:13 AM"
F7XSQ5AUC408,1500.00,Valid,"04-Jan-2020 12:13 AM"
RDH1P6SXPOGW,1500.00,Valid,"04-Jan-2020 12:13 AM"
JZJKA4LQC68G,1500.00,Valid,"04-Jan-2020 12:13 AM"
OUX5DU64WXCO,1500.00,Valid,"04-Jan-2020 12:13 AM"
C4HAW0UQVU0O,1500.00,Valid,"04-Jan-2020 12:13 AM"
9462GAODRY80,1500.00,Valid,"04-Jan-2020 12:13 AM"
2SEV7B7HJHMO,1500.00,Valid,"04-Jan-2020 12:13 AM"
EQVBXMBI4SG0,1500.00,Valid,"04-Jan-2020 12:13 AM"
4QQLAOJCLAG4,1500.00,Valid,"04-Jan-2020 12:13 AM"
B46I4KJCS9KC,1500.00,Valid,"04-Jan-2020 12:13 AM"
6EQAWTKWC3CW,1500.00,Valid,"04-Jan-2020 12:13 AM"
DLVOMH47H3K8,1500.00,Valid,"04-Jan-2020 12:13 AM"
3IUJNF8XTE04,1500.00,Valid,"04-Jan-2020 12:13 AM"
NINJUZBF774O,1500.00,Valid,"04-Jan-2020 12:13 AM"
H6VFLVUOII0O,1500.00,Valid,"04-Jan-2020 12:13 AM"
8XPDYRLDNYO8,1500.00,Valid,"04-Jan-2020 12:13 AM"
GZJEVZW0DM8S,1500.00,Valid,"04-Jan-2020 12:13 AM"
VWJR95YOB0G4,1500.00,Valid,"04-Jan-2020 12:13 AM"
RUNVR8AVJ1CG,1500.00,Valid,"04-Jan-2020 12:13 AM"
DGIWQ5NY0OGS,1500.00,Valid,"04-Jan-2020 12:13 AM"
21SVTBY9C0M8,1500.00,Valid,"04-Jan-2020 12:13 AM"
ABNHDU4QPVK0,1500.00,Valid,"04-Jan-2020 12:13 AM"
2DWVO9QZPLLW,1500.00,Valid,"04-Jan-2020 12:13 AM"
PIO4VIXE3AS8,1500.00,Valid,"04-Jan-2020 12:13 AM"
SL8QB7JX3GGW,1500.00,Valid,"04-Jan-2020 12:13 AM"
4YKS6GARKYCC,1500.00,Valid,"04-Jan-2020 12:13 AM"
TJO3G017U28S,1500.00,Valid,"04-Jan-2020 12:13 AM"
6UQVKTJO78G0,1500.00,Valid,"04-Jan-2020 12:13 AM"
BC9Y9AV4GDCG,1500.00,Valid,"04-Jan-2020 12:13 AM"
RUFBMT710PW4,1500.00,Valid,"04-Jan-2020 12:13 AM"
FE3OW0WQC5S8,1500.00,Valid,"04-Jan-2020 12:13 AM"
87WU5X07EU4G,1500.00,Valid,"04-Jan-2020 12:13 AM"
O21PP4F1CFKO,1500.00,Valid,"04-Jan-2020 12:13 AM"
O8HXENNGR40W,1500.00,Valid,"04-Jan-2020 12:13 AM"
5PJ45BUJT400,1500.00,Valid,"04-Jan-2020 12:13 AM"
9QZ7N7S9VNCW,1500.00,Valid,"04-Jan-2020 12:13 AM"
1SDCSZADK2KG,1500.00,Valid,"04-Jan-2020 12:13 AM"
G2ID9CVJPDWG,1500.00,Valid,"04-Jan-2020 12:13 AM"
PT90RWNVI9WG,1500.00,Valid,"04-Jan-2020 12:13 AM"
942HDD9U0GKC,1500.00,Valid,"04-Jan-2020 12:13 AM"
R5P2APRKIUSC,1500.00,Valid,"04-Jan-2020 12:13 AM"
81J360SUM944,1500.00,Valid,"04-Jan-2020 12:13 AM"
97REINCUYRS4,1500.00,Valid,"04-Jan-2020 12:13 AM"
P06RPD2MF4G8,1500.00,Valid,"04-Jan-2020 12:13 AM"
I6RLCDW3FMGC,1500.00,Valid,"04-Jan-2020 12:13 AM"
8UKLV06PGQO0,1500.00,Valid,"04-Jan-2020 12:13 AM"
DNOUWQ79EG0G,1500.00,Valid,"04-Jan-2020 12:13 AM"
SVJR24V2RMS4,1500.00,Valid,"04-Jan-2020 12:13 AM"
5JLOD4UAN7GG,1500.00,Valid,"04-Jan-2020 12:13 AM"
7K3RFY03T0O4,1500.00,Valid,"04-Jan-2020 12:13 AM"
L41SYCTSOBKG,1500.00,Valid,"04-Jan-2020 12:13 AM"
SSKY0MXK340W,1500.00,Valid,"04-Jan-2020 12:13 AM"
RWQSSJ61VC0K,1500.00,Valid,"04-Jan-2020 12:13 AM"
R7Y4H3OB27KS,1500.00,Valid,"04-Jan-2020 12:13 AM"
652ZXVPAR8CG,1500.00,Valid,"04-Jan-2020 12:13 AM"
1KZRGIADMWBO,1500.00,Valid,"04-Jan-2020 12:13 AM"
242NLQHSF468,1500.00,Valid,"04-Jan-2020 12:13 AM"
EUYYXUTMRM88,1500.00,Valid,"04-Jan-2020 12:13 AM"
SMZ0I0NGFGGW,1500.00,Valid,"04-Jan-2020 12:13 AM"
Q8JVIV8P674G,1500.00,Valid,"04-Jan-2020 12:13 AM"
MWOIV96XXVK4,1500.00,Valid,"04-Jan-2020 12:13 AM"
44FYY9JG97S4,1500.00,Valid,"04-Jan-2020 12:13 AM"
BTBZWOG3Z1W8,1500.00,Valid,"04-Jan-2020 12:13 AM"
OBUVG5V72LWC,1500.00,Valid,"04-Jan-2020 12:13 AM"
J75W3BJ4K8GS,1500.00,Valid,"04-Jan-2020 12:13 AM"
305OZXTYTIO0,1500.00,Valid,"04-Jan-2020 12:13 AM"
PVMPE6XVZK04,1500.00,Valid,"04-Jan-2020 12:13 AM"
NS7SVUYT3FKG,1500.00,Valid,"04-Jan-2020 12:13 AM"
5OQN51R9ENGO,1500.00,Valid,"04-Jan-2020 12:13 AM"
15P9Z47RNIDC,1500.00,Valid,"04-Jan-2020 12:13 AM"
FXN0FJKDOIOK,1500.00,Valid,"04-Jan-2020 12:13 AM"
A281W5WGOGWG,1500.00,Valid,"04-Jan-2020 12:13 AM"
TH7SJZTEGJKW,1500.00,Valid,"04-Jan-2020 12:13 AM"
FTOKZV0II1W0,1500.00,Valid,"04-Jan-2020 12:13 AM"
2XFLY1H4UO2S,1500.00,Valid,"04-Jan-2020 12:13 AM"
Q69OA67F2EOS,1500.00,Valid,"04-Jan-2020 12:13 AM"
KNX239FOQYO0,1500.00,Valid,"04-Jan-2020 12:13 AM"
NFAYHMS09YOS,1500.00,Valid,"04-Jan-2020 12:13 AM"
2RXM0RFES9WK,1500.00,Valid,"04-Jan-2020 12:13 AM"
B84LU94SUM80,1500.00,Valid,"04-Jan-2020 12:13 AM"
R14X384QA9CS,1500.00,Valid,"04-Jan-2020 12:13 AM"
EGX7GH6J34G8,1500.00,Valid,"04-Jan-2020 12:13 AM"
4BUPODJY6JUO,1500.00,Valid,"04-Jan-2020 12:13 AM"
GOKQNOUWML4C,1500.00,Valid,"04-Jan-2020 12:13 AM"
JON066323NK0,1500.00,Valid,"04-Jan-2020 12:13 AM"
F2MBJV2VJNCW,1500.00,Valid,"04-Jan-2020 12:13 AM"
1QYWDWWHN5Q8,1500.00,Valid,"04-Jan-2020 12:13 AM"
M69Y66FAJTWW,1500.00,Valid,"04-Jan-2020 12:13 AM"
269J9VRSKE5C,1500.00,Valid,"04-Jan-2020 12:13 AM"
942RHWU7U78K,1500.00,Valid,"04-Jan-2020 12:13 AM"
6HFOSGEG2XGC,1500.00,Valid,"04-Jan-2020 12:13 AM"
9P2DZB51EBCW,1500.00,Valid,"04-Jan-2020 12:13 AM"
5HLS6NA9BPC0,1500.00,Valid,"04-Jan-2020 12:13 AM"
RKE8V7B2HXCW,1500.00,Valid,"04-Jan-2020 12:13 AM"
NYFQ3DMEBC0K,1500.00,Valid,"04-Jan-2020 12:13 AM"
IF0XDSEPWY88,1500.00,Valid,"04-Jan-2020 12:13 AM"
S2DBODE6EDC4,1500.00,Valid,"04-Jan-2020 12:13 AM"
FUOO4B1Q0MGO,1500.00,Valid,"04-Jan-2020 12:13 AM"
SV3Z3698ZTW4,1500.00,Valid,"04-Jan-2020 12:13 AM"
MJWAS9UYLKGO,1500.00,Valid,"04-Jan-2020 12:13 AM"
FLOGVCUU0K08,1500.00,Valid,"04-Jan-2020 12:13 AM"
SNQBIBFA6BK0,1500.00,Valid,"04-Jan-2020 12:13 AM"
M1QK7PJZ1YOO,1500.00,Valid,"04-Jan-2020 12:13 AM"
T45T92VXZMS0,1500.00,Valid,"04-Jan-2020 12:13 AM"
Q4E0NCSLEOG8,1500.00,Valid,"04-Jan-2020 12:13 AM"
GDW2DJIR75KW,1500.00,Valid,"04-Jan-2020 12:13 AM"
NGLE8PWBPQO8,1500.00,Valid,"04-Jan-2020 12:13 AM"
JYSWC03P03K4,1500.00,Valid,"04-Jan-2020 12:13 AM"
3R5RN68ROYAS,1500.00,Valid,"04-Jan-2020 12:13 AM"
9QPDVFIF31SS,1500.00,Valid,"04-Jan-2020 12:13 AM"
4NILJ59X22W4,1500.00,Valid,"04-Jan-2020 12:13 AM"
GMUWE6ZUQ94O,1500.00,Valid,"04-Jan-2020 12:13 AM"
MPGRHR57EKG0,1500.00,Valid,"04-Jan-2020 12:13 AM"
SEKJTX07AFK8,1500.00,Valid,"04-Jan-2020 12:13 AM"
GMZ13U88VDW0,1500.00,Valid,"04-Jan-2020 12:13 AM"
KI4RBZF6QHW0,1500.00,Valid,"04-Jan-2020 12:13 AM"
BR5IXEZ8HHC0,1500.00,Valid,"04-Jan-2020 12:13 AM"
PQ1QGVWKUKG4,1500.00,Valid,"04-Jan-2020 12:13 AM"
4JG789ZYI78K,1500.00,Valid,"04-Jan-2020 12:13 AM"
FUIM2JYHEEOS,1500.00,Valid,"04-Jan-2020 12:13 AM"
QGUKSBHOY80W,1500.00,Valid,"04-Jan-2020 12:13 AM"
7YHCNI17SUOS,1500.00,Valid,"04-Jan-2020 12:13 AM"
T5OQL3JCCWGC,1500.00,Valid,"04-Jan-2020 12:13 AM"
HVJ031QJU4O4,1500.00,Valid,"04-Jan-2020 12:13 AM"
H7YJI2XSYUOS,1500.00,Valid,"04-Jan-2020 12:13 AM"
N8EEGLFGCLCW,1500.00,Valid,"04-Jan-2020 12:13 AM"
6SQ732NMR604,1500.00,Valid,"04-Jan-2020 12:13 AM"
RF1P12UC9A80,1500.00,Valid,"04-Jan-2020 12:13 AM"
QCB50T1EZF4C,1500.00,Valid,"04-Jan-2020 12:13 AM"
9413EQGA6K0S,1500.00,Valid,"04-Jan-2020 12:13 AM"
JANAIB0T5RKS,1500.00,Valid,"04-Jan-2020 12:13 AM"
N1V6XLOOSXCS,1500.00,Valid,"04-Jan-2020 12:13 AM"
JVWT9P1ARLWG,1500.00,Valid,"04-Jan-2020 12:13 AM"
16LY5V64FB6S,1500.00,Valid,"04-Jan-2020 12:13 AM"
1ES1PZN8CI9W,1500.00,Valid,"04-Jan-2020 12:13 AM"
1207YP5LXWJK,1500.00,Valid,"04-Jan-2020 12:13 AM"
HHZECNII06GO,1500.00,Valid,"04-Jan-2020 12:13 AM"
RGB85IUPVSGO,1500.00,Valid,"04-Jan-2020 12:13 AM"
4JP15LZKJUAS,1500.00,Valid,"04-Jan-2020 12:13 AM"
DC903RGM9NSO,1500.00,Valid,"04-Jan-2020 12:13 AM"
TPRVC8G0YQSW,1500.00,Valid,"04-Jan-2020 12:13 AM"
8GB41VX6MXKW,1500.00,Valid,"04-Jan-2020 12:13 AM"
8QFH7J8OLT0K,1500.00,Valid,"04-Jan-2020 12:13 AM"
S9D3LN4QV6SW,1500.00,Valid,"04-Jan-2020 12:13 AM"
GB553Z3DZFKG,1500.00,Valid,"04-Jan-2020 12:13 AM"
K9VO846J21C8,1500.00,Valid,"04-Jan-2020 12:13 AM"
CP4LJKR50HWK,1500.00,Valid,"04-Jan-2020 12:13 AM"
2OP9XYZ5GXES,1500.00,Valid,"04-Jan-2020 12:13 AM"
LX1WFB2XMXWW,1500.00,Valid,"04-Jan-2020 12:13 AM"
HV58VSX253SC,1500.00,Valid,"04-Jan-2020 12:13 AM"
C9P4UCFFA40S,1500.00,Valid,"04-Jan-2020 12:13 AM"
HT8QD4R8Y9CS,1500.00,Valid,"04-Jan-2020 12:13 AM"
BETRGSSGG5C0,1500.00,Valid,"04-Jan-2020 12:13 AM"
JZVCBPBBD4GO,1500.00,Valid,"04-Jan-2020 12:13 AM"
DW6NMRVLX8G0,1500.00,Valid,"04-Jan-2020 12:13 AM"
SZH5FDQKR9WS,1500.00,Valid,"04-Jan-2020 12:13 AM"
LQUC7I4CGXSW,1500.00,Valid,"04-Jan-2020 12:13 AM"
TJAKAXS0TASO,1500.00,Valid,"04-Jan-2020 12:13 AM"
LRQM99BJ434S,1500.00,Valid,"04-Jan-2020 12:13 AM"
8GAYVYZ0VX4W,1500.00,Valid,"04-Jan-2020 12:13 AM"
CNDP0MUZU9S0,1500.00,Valid,"04-Jan-2020 12:13 AM"
IQB4X3BBRVW4,1500.00,Valid,"04-Jan-2020 12:13 AM"
C9A8TVGVK3WO,1500.00,Valid,"04-Jan-2020 12:13 AM"
NMTIO5H3VA8G,1500.00,Valid,"04-Jan-2020 12:13 AM"
B905C57CNVKK,1500.00,Valid,"04-Jan-2020 12:13 AM"
9ZO0ZRHGR8OO,1500.00,Valid,"04-Jan-2020 12:13 AM"
OL93ZZKH134W,1500.00,Valid,"04-Jan-2020 12:13 AM"
7M1LKFULB484,1500.00,Valid,"04-Jan-2020 12:13 AM"
DGQP4YIPR9WS,1500.00,Valid,"04-Jan-2020 12:13 AM"
7U6KRV2XH6W4,1500.00,Valid,"04-Jan-2020 12:13 AM"
ELF42LPOFHCK,1500.00,Valid,"04-Jan-2020 12:13 AM"
6ZVOGBO1IDC0,1500.00,Valid,"04-Jan-2020 12:13 AM"
BV0J4PRCTMO0,1500.00,Valid,"04-Jan-2020 12:13 AM"
YDZLDIE4540K,1500.00,Valid,"04-Jan-2020 12:13 AM"
2JBPNQ4595YC,1500.00,Valid,"04-Jan-2020 12:13 AM"
5LC9AQ2W4MKO,1500.00,Valid,"04-Jan-2020 12:13 AM"
P2VT97DTHZ44,1500.00,Valid,"04-Jan-2020 12:13 AM"
OOKOKKJ9TDWK,1500.00,Valid,"04-Jan-2020 12:13 AM"
H31OXTQR6K0S,1500.00,Valid,"04-Jan-2020 12:13 AM"
9VJOZ73D1Y8K,1500.00,Valid,"04-Jan-2020 12:13 AM"
LQ9RFUZZNEOW,1500.00,Valid,"04-Jan-2020 12:13 AM"
4ZS7FO9M2QKG,1500.00,Valid,"04-Jan-2020 12:13 AM"
2SC3INSW75YC,1500.00,Valid,"04-Jan-2020 12:13 AM"
C5VKFZRMTK8O,1500.00,Valid,"04-Jan-2020 12:13 AM"
JK2FEP16SNK8,1500.00,Valid,"04-Jan-2020 12:13 AM"
IN6G9SC0SC0S,1500.00,Valid,"04-Jan-2020 12:13 AM"
8Y03FKRHRW8W,1500.00,Valid,"04-Jan-2020 12:13 AM"
EB3ZTE91U00G,1500.00,Valid,"04-Jan-2020 12:13 AM"
IRE65Z5LH3C4,1500.00,Valid,"04-Jan-2020 12:13 AM"
MUENXBLIVUO4,1500.00,Valid,"04-Jan-2020 12:13 AM"
HYAAIB6V3TSG,1500.00,Valid,"04-Jan-2020 12:13 AM"
86UOQJ19DKOW,1500.00,Valid,"04-Jan-2020 12:13 AM"
NJEGEAXLI8G8,1500.00,Valid,"04-Jan-2020 12:13 AM"
JFVJ4C51G5C0,1500.00,Valid,"04-Jan-2020 12:13 AM"
DOGM5A36MNCO,1500.00,Valid,"04-Jan-2020 12:13 AM"
4ZRN0AQVQX44,1500.00,Valid,"04-Jan-2020 12:13 AM"
M9VLS352AZ48,1500.00,Valid,"04-Jan-2020 12:13 AM"
87K77O1N660W,1500.00,Valid,"04-Jan-2020 12:13 AM"
82JOW0HXYI04,1500.00,Valid,"04-Jan-2020 12:13 AM"
E3BUMOCQQXW0,1500.00,Valid,"04-Jan-2020 12:13 AM"
M0HE5Z988J4O,1500.00,Valid,"04-Jan-2020 12:13 AM"
C1GN99RUCKGG,1500.00,Valid,"04-Jan-2020 12:13 AM"
I1MMXQFQFF48,1500.00,Valid,"04-Jan-2020 12:13 AM"
TEJ32WZLGHCO,1500.00,Valid,"04-Jan-2020 12:13 AM"
8CKPS1QE2A4O,1500.00,Valid,"04-Jan-2020 12:13 AM"
GSVK42FDRZ4K,1500.00,Valid,"04-Jan-2020 12:13 AM"
3W4K1H8U7JCW,1500.00,Valid,"04-Jan-2020 12:13 AM"
K5B75JJA11CW,1500.00,Valid,"04-Jan-2020 12:13 AM"
HQKXMXMTH4GS,1500.00,Valid,"04-Jan-2020 12:13 AM"
NL89S5FIPHC0,1500.00,Valid,"04-Jan-2020 12:13 AM"
9I9FH792C30O,1500.00,Valid,"04-Jan-2020 12:13 AM"
HLH6TA83P3C4,1500.00,Valid,"04-Jan-2020 12:13 AM"
H7NWWE4WP1S8,1500.00,Valid,"04-Jan-2020 12:13 AM"
93JCC66EJ484,1500.00,Valid,"04-Jan-2020 12:13 AM"
HM5BZ57K0VKS,1500.00,Valid,"04-Jan-2020 12:13 AM"
2J7JCHGXIVY8,1500.00,Valid,"04-Jan-2020 12:13 AM"
SHHUGC12SB4C,1500.00,Valid,"04-Jan-2020 12:13 AM"
POKTJIO8ZS0G,1500.00,Valid,"04-Jan-2020 12:13 AM"
KRXA4T68JGG0,1500.00,Valid,"04-Jan-2020 12:13 AM"
KMHDAHRLN80C,1500.00,Valid,"04-Jan-2020 12:13 AM"
IF0SYQJC11K4,1500.00,Valid,"04-Jan-2020 12:13 AM"
PBVAQNT7RRKC,1500.00,Valid,"04-Jan-2020 12:13 AM"
MIENBXDISIS4,1500.00,Valid,"04-Jan-2020 12:13 AM"
GI72S3R8MFWW,1500.00,Valid,"04-Jan-2020 12:13 AM"
COQUB6GVKVWC,1500.00,Valid,"04-Jan-2020 12:13 AM"
1JQNZHBOYCTC,1500.00,Valid,"04-Jan-2020 12:13 AM"
3DOA5PYUQP4W,1500.00,Valid,"04-Jan-2020 12:13 AM"
CLVJHTQGAHW0,1500.00,Valid,"04-Jan-2020 12:13 AM"
QT610QBIKASG,1500.00,Valid,"04-Jan-2020 12:13 AM"
J3MNRU4L1RCO,1500.00,Valid,"04-Jan-2020 12:13 AM"
L0SP8ZCDUEOO,1500.00,Valid,"04-Jan-2020 12:13 AM"
5I3KN4DNZE8S,1500.00,Valid,"04-Jan-2020 12:13 AM"
DPDY2S5Q5IOS,1500.00,Valid,"04-Jan-2020 12:13 AM"
2U3WI05H0GE8,1500.00,Valid,"04-Jan-2020 12:13 AM"
EJ05MHYM914W,1500.00,Valid,"04-Jan-2020 12:13 AM"
PF6NTRXB9I8K,1500.00,Valid,"04-Jan-2020 12:13 AM"
K0681OXYM4G0,1500.00,Valid,"04-Jan-2020 12:13 AM"
6HWCNVA3X1K4,1500.00,Valid,"04-Jan-2020 12:13 AM"
BVVB6EP80TW8,1500.00,Valid,"04-Jan-2020 12:13 AM"
3OI51W6ECROK,1500.00,Valid,"04-Jan-2020 12:13 AM"
I1HNJ6UCQDC0,1500.00,Valid,"04-Jan-2020 12:13 AM"
3UB8XAHTN1S0,1500.00,Valid,"04-Jan-2020 12:13 AM"
HCZASKXPER4S,1500.00,Valid,"04-Jan-2020 12:13 AM"
B4FVLP3R0QO0,1500.00,Valid,"04-Jan-2020 12:13 AM"
GTAQRBDMWLC0,1500.00,Valid,"04-Jan-2020 12:13 AM"
BQRCWXWJCKGG,1500.00,Valid,"04-Jan-2020 12:13 AM"
PDZGNLYOYKG0,1500.00,Valid,"04-Jan-2020 12:13 AM"
5DTB8NIEHSSG,1500.00,Valid,"04-Jan-2020 12:13 AM"
62DBIL3NV14W,1500.00,Valid,"04-Jan-2020 12:13 AM"
GEE20IB4FSGS,1500.00,Valid,"04-Jan-2020 12:13 AM"
G0H7M5SLZ14C,1500.00,Valid,"04-Jan-2020 12:13 AM"
2U4DLVGA4M4G,1500.00,Valid,"04-Jan-2020 12:13 AM"
40M29SAWCW6C,1500.00,Valid,"04-Jan-2020 12:13 AM"
PF80SFJWPCGC,1500.00,Valid,"04-Jan-2020 12:13 AM"
S4FT8S063S0G,1500.00,Valid,"04-Jan-2020 12:13 AM"
IT86RADTLO0S,1500.00,Valid,"04-Jan-2020 12:13 AM"
EJQ4GT51PY8G,1500.00,Valid,"04-Jan-2020 12:13 AM"
6TX327G01QO8,1500.00,Valid,"04-Jan-2020 12:13 AM"
SBCCSEVUQLW8,1500.00,Valid,"04-Jan-2020 12:13 AM"
OJ5HSX69M8GC,1500.00,Valid,"04-Jan-2020 12:13 AM"
E32GJO3Z160O,1500.00,Valid,"04-Jan-2020 12:13 AM"
1MFFG26WFO4G,1500.00,Valid,"04-Jan-2020 12:13 AM"
DAIYZFMJ2BK0,1500.00,Valid,"04-Jan-2020 12:13 AM"
TUSU6U01KBKG,1500.00,Valid,"04-Jan-2020 12:13 AM"
3LL51E2WNGCG,1500.00,Valid,"04-Jan-2020 12:13 AM"
MSWRHN75W3K4,1500.00,Valid,"04-Jan-2020 12:13 AM"
EHHYY5G4M28S,1500.00,Valid,"04-Jan-2020 12:13 AM"
7IADK8PGR50K,1500.00,Valid,"04-Jan-2020 12:13 AM"
3C0J12RUQ6IO,1500.00,Valid,"04-Jan-2020 12:13 AM"
BBMEBHHONXCK,1500.00,Valid,"04-Jan-2020 12:13 AM"
NH10SN7OJ74O,1500.00,Valid,"04-Jan-2020 12:13 AM"
IF3OD6KCAYO0,1500.00,Valid,"04-Jan-2020 12:13 AM"
JM2S3MINPRSW,1500.00,Valid,"04-Jan-2020 12:13 AM"
2EV40BGGFLOG,1500.00,Valid,"04-Jan-2020 12:13 AM"
OQQDCDDM3Q8K,1500.00,Valid,"04-Jan-2020 12:13 AM"
14RLT7BRVSIS,1500.00,Valid,"04-Jan-2020 12:13 AM"
8R2DVM5Y8MO8,1500.00,Valid,"04-Jan-2020 12:13 AM"
JTZLV9QDGW04,1500.00,Valid,"04-Jan-2020 12:13 AM"
I8MGRN0DNWO4,1500.00,Valid,"04-Jan-2020 12:13 AM"
HVW74T84DRSW,1500.00,Valid,"04-Jan-2020 12:13 AM"
SEHQJBR3BVKK,1500.00,Valid,"04-Jan-2020 12:13 AM"
4FMKEACF56YO,1500.00,Valid,"04-Jan-2020 12:13 AM"
PZ9DDI07YISK,1500.00,Valid,"04-Jan-2020 12:13 AM"
LCCXHMBUG1S4,1500.00,Valid,"04-Jan-2020 12:13 AM"
K7FJ493RGJ4S,1500.00,Valid,"04-Jan-2020 12:13 AM"
OC72GNO0PRKS,1500.00,Valid,"04-Jan-2020 12:13 AM"
RNQIYKETXR4G,1500.00,Valid,"04-Jan-2020 12:13 AM"
GWJY0KTUWM0C,1500.00,Valid,"04-Jan-2020 12:13 AM"
Q6ESA4JD9WGK,1500.00,Valid,"04-Jan-2020 12:13 AM"
1QEVSRBFGHHC,1500.00,Valid,"04-Jan-2020 12:13 AM"
1WR3YKYQL2KG,1500.00,Valid,"04-Jan-2020 12:13 AM"
1MGVYFQ3TYHW,1500.00,Valid,"04-Jan-2020 12:13 AM"
SH840LHBEQOK,1500.00,Valid,"04-Jan-2020 12:13 AM"
6U3P0FIL0O4K,1500.00,Valid,"04-Jan-2020 12:13 AM"
RW3F6H3NTG0C,1500.00,Valid,"04-Jan-2020 12:13 AM"
JN4IWOGXN6OG,1500.00,Valid,"04-Jan-2020 12:13 AM"
N5268ALGEOGC,1500.00,Valid,"04-Jan-2020 12:13 AM"
SLMEC3XKFXW8,1500.00,Valid,"04-Jan-2020 12:13 AM"
7XK9KZQ4IXOG,1500.00,Valid,"04-Jan-2020 12:13 AM"
J9GQBZ60CLK4,1500.00,Valid,"04-Jan-2020 12:13 AM"
1BW8RMZUPVI8,1500.00,Valid,"04-Jan-2020 12:13 AM"
G5CZN6SNY40S,1500.00,Valid,"04-Jan-2020 12:13 AM"
NW7EG7873YSO,1500.00,Valid,"04-Jan-2020 12:13 AM"
IUROOR0NRIO8,1500.00,Valid,"04-Jan-2020 12:13 AM"
69PMR7PD8QSK,1500.00,Valid,"04-Jan-2020 12:13 AM"
ATZZLWTEL60O,1500.00,Valid,"04-Jan-2020 12:13 AM"
ABQM4MQLZ2O8,1500.00,Valid,"04-Jan-2020 12:13 AM"
LQH40D0HIRKW,1500.00,Valid,"04-Jan-2020 12:13 AM"
AU0Q258L1SG8,1500.00,Valid,"04-Jan-2020 12:13 AM"
IRW5291J61SK,1500.00,Valid,"04-Jan-2020 12:13 AM"
SLK11NRENLCS,1500.00,Valid,"04-Jan-2020 12:13 AM"
RP24Y0LU96SK,1500.00,Valid,"04-Jan-2020 12:13 AM"
868WI3TV5PK4,1500.00,Valid,"04-Jan-2020 12:13 AM"
8RQDPYZ4CROK,1500.00,Valid,"04-Jan-2020 12:13 AM"
MMXLEML7LSG8,1500.00,Valid,"04-Jan-2020 12:13 AM"
EJ96IMX7OR48,1500.00,Valid,"04-Jan-2020 12:13 AM"
NV1T6HCKJHW8,1500.00,Valid,"04-Jan-2020 12:13 AM"
LSBLOEUB9VKW,1500.00,Valid,"04-Jan-2020 12:13 AM"
QSX60Q0Y1LC8,1500.00,Valid,"04-Jan-2020 12:13 AM"
ELM7BT937PWS,1500.00,Valid,"04-Jan-2020 12:13 AM"
MEVOW3P7840C,1500.00,Valid,"04-Jan-2020 12:13 AM"
POVPYMXQKPW4,1500.00,Valid,"04-Jan-2020 12:13 AM"
QPI999753UOW,1500.00,Valid,"04-Jan-2020 12:13 AM"
JTTL4IVVK9SK,1500.00,Valid,"04-Jan-2020 12:13 AM"
DPIPXX63K3K0,1500.00,Valid,"04-Jan-2020 12:13 AM"
5ZD68IGN31WC,1500.00,Valid,"04-Jan-2020 12:13 AM"
HY78P2LP3VKK,1500.00,Valid,"04-Jan-2020 12:13 AM"
7DZEZGGUCM0W,1500.00,Valid,"04-Jan-2020 12:13 AM"
KY6IGKVQDTS0,1500.00,Valid,"04-Jan-2020 12:13 AM"
OJFGCEL44M8K,1500.00,Valid,"04-Jan-2020 12:13 AM"
GLRBWQV2W3CW,1500.00,Valid,"04-Jan-2020 12:13 AM"
3U93RIN2ASW0,1500.00,Valid,"04-Jan-2020 12:13 AM"
3ALCXZ769J0G,1500.00,Valid,"04-Jan-2020 12:13 AM"
HKJUTCPU0D4C,1500.00,Valid,"04-Jan-2020 12:13 AM"
OHCAKVMOO9W4,1500.00,Valid,"04-Jan-2020 12:13 AM"
DYJBE8M12H44,1500.00,Valid,"04-Jan-2020 12:13 AM"
8WU4BOSMVCOW,1500.00,Valid,"04-Jan-2020 12:13 AM"
1CEUZWQN5YBO,1500.00,Valid,"04-Jan-2020 12:13 AM"
CFQAFZQ9XM0O,1500.00,Valid,"04-Jan-2020 12:13 AM"
56HGRZE8HK00,1500.00,Valid,"04-Jan-2020 12:13 AM"
6D0LAL211L44,1500.00,Valid,"04-Jan-2020 12:13 AM"
ALB9GIOCHLC8,1500.00,Valid,"04-Jan-2020 12:13 AM"
M423JT6OT7KK,1500.00,Valid,"04-Jan-2020 12:13 AM"
9R2DYOSUX7GG,1500.00,Valid,"04-Jan-2020 12:13 AM"
S4E5JCD5EK0S,1500.00,Valid,"04-Jan-2020 12:13 AM"
3PRX2MXXB3CW,1500.00,Valid,"04-Jan-2020 12:13 AM"
9BSR1DHTE3OK,1500.00,Valid,"04-Jan-2020 12:13 AM"
95H3CVACLZK8,1500.00,Valid,"04-Jan-2020 12:13 AM"
8XYWU10ERO4C,1500.00,Valid,"04-Jan-2020 12:13 AM"
C6FOKR24NXCK,1500.00,Valid,"04-Jan-2020 12:13 AM"
NN8F3E958PWW,1500.00,Valid,"04-Jan-2020 12:13 AM"
N3RS5VDXXQO8,1500.00,Valid,"04-Jan-2020 12:13 AM"
J75MLZOFE7CO,1500.00,Valid,"04-Jan-2020 12:13 AM"
8IIJ0SCENXSS,1500.00,Valid,"04-Jan-2020 12:13 AM"
OFQ53WIAAE8G,1500.00,Valid,"04-Jan-2020 12:13 AM"
LPDA7XXDWPW4,1500.00,Valid,"04-Jan-2020 12:13 AM"
TAUF0SHQJWGW,1500.00,Valid,"04-Jan-2020 12:13 AM"
56CMNJK1AA04,1500.00,Valid,"04-Jan-2020 12:13 AM"
H9EZFCJG61SK,1500.00,Valid,"04-Jan-2020 12:13 AM"
M06YOK0GHTS4,1500.00,Valid,"04-Jan-2020 12:13 AM"
46G7B4NNHQ2O,1500.00,Valid,"04-Jan-2020 12:13 AM"
P0NB5YE1EF4W,1500.00,Valid,"04-Jan-2020 12:13 AM"
MHS7PEZCH1WO,1500.00,Valid,"04-Jan-2020 12:13 AM"
FBMSV7WTB8GG,1500.00,Valid,"04-Jan-2020 12:13 AM"
T9DFE65AO408,1500.00,Valid,"04-Jan-2020 12:13 AM"
JUXW93Q2KZ4O,1500.00,Valid,"04-Jan-2020 12:13 AM"
BQF7SR08IBWO,1500.00,Valid,"04-Jan-2020 12:13 AM"
6FY0AZQFJ0CG,1500.00,Valid,"04-Jan-2020 12:13 AM"
6C4RHESTHV8C,1500.00,Valid,"04-Jan-2020 12:13 AM"
THMS8OGH29CO,1500.00,Valid,"04-Jan-2020 12:13 AM"
98OAQCEE9GSO,1500.00,Valid,"04-Jan-2020 12:13 AM"
QHUTXJL6KLWO,1500.00,Valid,"04-Jan-2020 12:13 AM"
2GCFRBSGN8G0,1500.00,Valid,"04-Jan-2020 12:13 AM"
RS7LE5V051C0,1500.00,Valid,"04-Jan-2020 12:13 AM"
BT5K5Q1HRDKC,1500.00,Valid,"04-Jan-2020 12:13 AM"
3M7FNMJYNM04,1500.00,Valid,"04-Jan-2020 12:13 AM"
2UR99B0C28SG,1500.00,Valid,"04-Jan-2020 12:13 AM"
HTM0I94RLWGG,1500.00,Valid,"04-Jan-2020 12:13 AM"
G8WJYDHAIW0G,1500.00,Valid,"04-Jan-2020 12:13 AM"
NY6L3QJFRUOW,1500.00,Valid,"04-Jan-2020 12:13 AM"
KQMSC9K81LSG,1500.00,Valid,"04-Jan-2020 12:13 AM"
9GRGZBG2CBGG,1500.00,Valid,"04-Jan-2020 12:13 AM"
AH1Y8S67Y9CS,1500.00,Valid,"04-Jan-2020 12:13 AM"
A823UITLHI8K,1500.00,Valid,"04-Jan-2020 12:13 AM"
DZQX7UORH748,1500.00,Valid,"04-Jan-2020 12:13 AM"
3HGZQSR0H8SG,1500.00,Valid,"04-Jan-2020 12:13 AM"
O8Y220W9M2SK,1500.00,Valid,"04-Jan-2020 12:13 AM"
LMO9ZD2YA74G,1500.00,Valid,"04-Jan-2020 12:13 AM"
76SDCVWUY8CO,1500.00,Valid,"04-Jan-2020 12:13 AM"
NV635KMU0IOG,1500.00,Valid,"04-Jan-2020 12:13 AM"
178FGNAXK740,1500.00,Valid,"04-Jan-2020 12:13 AM"
AML80ZG1CJ4S,1500.00,Valid,"04-Jan-2020 12:13 AM"
QEGG1DR9SQ8O,1500.00,Valid,"04-Jan-2020 12:13 AM"
6DQWM73D0204,1500.00,Valid,"04-Jan-2020 12:13 AM"
EI815ATXNIG4,1500.00,Valid,"04-Jan-2020 12:13 AM"
E3CE0MN0EPWK,1500.00,Valid,"04-Jan-2020 12:13 AM"
6AO2KTHR1AWW,1500.00,Valid,"04-Jan-2020 12:13 AM"
LK1ZQ92WC1S0,1500.00,Valid,"04-Jan-2020 12:13 AM"
7B5RPWX5LVGG,1500.00,Valid,"04-Jan-2020 12:13 AM"
R2VF4UCPWS0O,1500.00,Valid,"04-Jan-2020 12:13 AM"
J71AK6INAB4S,1500.00,Valid,"04-Jan-2020 12:13 AM"
5AA3978MNUCC,1500.00,Valid,"04-Jan-2020 12:13 AM"
J4K6U6UM8Z4S,1500.00,Valid,"04-Jan-2020 12:13 AM"
PNNR9NLDR6S4,1500.00,Valid,"04-Jan-2020 12:13 AM"
PXJFGJI0IXW4,1500.00,Valid,"04-Jan-2020 12:13 AM"
3SL2N8LEA3MS,1500.00,Valid,"04-Jan-2020 12:13 AM"
KKIATQIH180S,1500.00,Valid,"04-Jan-2020 12:13 AM"
4EC98X6NJYWW,1500.00,Valid,"04-Jan-2020 12:13 AM"
4KGLTPD989IC,1500.00,Valid,"04-Jan-2020 12:13 AM"
8W7NKFJRYEOS,1500.00,Valid,"04-Jan-2020 12:13 AM"
9VQZNXE6OV4G,1500.00,Valid,"04-Jan-2020 12:13 AM"
S2078RU7BK04,1500.00,Valid,"04-Jan-2020 12:13 AM"
EGCDG27BA2O0,1500.00,Valid,"04-Jan-2020 12:13 AM"
QQC4131JFQOS,1500.00,Valid,"04-Jan-2020 12:13 AM"
VCFM71HHYYOW,1500.00,Valid,"04-Jan-2020 12:13 AM"
DX58PVKZXC84,1500.00,Valid,"04-Jan-2020 12:13 AM"
779MS82OV3KS,1500.00,Valid,"04-Jan-2020 12:13 AM"
TMC85J7QOWG8,1500.00,Valid,"04-Jan-2020 12:13 AM"
L247QENWOAO0,1500.00,Valid,"04-Jan-2020 12:13 AM"
8XJBX5X2OTGK,1500.00,Valid,"04-Jan-2020 12:13 AM"
2GQP9JP457MS,1500.00,Valid,"04-Jan-2020 12:13 AM"
6EPEK7JJI9OG,1500.00,Valid,"04-Jan-2020 12:13 AM"
JCNIEATTFR40,1500.00,Valid,"04-Jan-2020 12:13 AM"
T0F0BO41080K,1500.00,Valid,"04-Jan-2020 12:13 AM"
4S3F4CIXMYO0,1500.00,Valid,"04-Jan-2020 12:13 AM"
A6KLB7IFMKW8,1500.00,Valid,"04-Jan-2020 12:13 AM"
I13CP7YSEIO0,1500.00,Valid,"04-Jan-2020 12:13 AM"
2HSPZZD68SKK,1500.00,Valid,"04-Jan-2020 12:13 AM"
3E2NKJXVUSU8,1500.00,Valid,"04-Jan-2020 12:13 AM"
4HNY54ZWMOSG,1500.00,Valid,"04-Jan-2020 12:13 AM"
10VUY1O9R9U8,1500.00,Valid,"04-Jan-2020 12:13 AM"
EUZPIBSCKJWO,1500.00,Valid,"04-Jan-2020 12:13 AM"
8HS8297LSNC4,1500.00,Valid,"04-Jan-2020 12:13 AM"
CATZ1BKLTC84,1500.00,Valid,"04-Jan-2020 12:13 AM"
SIS3HS3FDHC0,1500.00,Valid,"04-Jan-2020 12:13 AM"
1E76IBKEDSPW,1500.00,Valid,"04-Jan-2020 12:13 AM"
DZRK8EO27484,1500.00,Valid,"04-Jan-2020 12:13 AM"
HE00EVHQ3WG0,1500.00,Valid,"04-Jan-2020 12:13 AM"
BI4SSJM53SOW,1500.00,Valid,"04-Jan-2020 12:13 AM"
657KKTI0PZWG,1500.00,Valid,"04-Jan-2020 12:13 AM"
COGOXTRW580S,1500.00,Valid,"04-Jan-2020 12:13 AM"
HLZUFASKH14W,1500.00,Valid,"04-Jan-2020 12:13 AM"
9WX6B0WWEL4C,1500.00,Valid,"04-Jan-2020 12:13 AM"
6UTKP0DHF00S,1500.00,Valid,"04-Jan-2020 12:13 AM"
1PZ44VNYHG3O,1500.00,Valid,"04-Jan-2020 12:13 AM"
FH5C5JX17XCG,1500.00,Valid,"04-Jan-2020 12:13 AM"
GS4C3P28CM8G,1500.00,Valid,"04-Jan-2020 12:13 AM"
IOUADNFWKKOO,1500.00,Valid,"04-Jan-2020 12:13 AM"
NRPVRYS9WBKK,1500.00,Valid,"04-Jan-2020 12:13 AM"
RQOX3IF3RTC8,1500.00,Valid,"04-Jan-2020 12:13 AM"
8WAY5G4E4SG0,1500.00,Valid,"04-Jan-2020 12:13 AM"
MO5AXI352GGO,1500.00,Valid,"04-Jan-2020 12:13 AM"
GB308CN3CL4W,1500.00,Valid,"04-Jan-2020 12:13 AM"
HLJ75J3Q1S00,1500.00,Valid,"04-Jan-2020 12:13 AM"
ECHNSPYLYA88,1500.00,Valid,"04-Jan-2020 12:13 AM"
6AFJXWZXY7SW,1500.00,Valid,"04-Jan-2020 12:13 AM"
2QENNARXUI4G,1500.00,Valid,"04-Jan-2020 12:13 AM"
GUD8SH7728OC,1500.00,Valid,"04-Jan-2020 12:13 AM"
2AGUJFKP4UM8,1500.00,Valid,"04-Jan-2020 12:13 AM"
E8GH8DK2UEOS,1500.00,Valid,"04-Jan-2020 12:13 AM"
6ABOSSTH94KC,1500.00,Valid,"04-Jan-2020 12:13 AM"
P1M9UHRNP6OW,1500.00,Valid,"04-Jan-2020 12:13 AM"
7RVBR8X138KK,1500.00,Valid,"04-Jan-2020 12:13 AM"
GTQL395UBPC0,1500.00,Valid,"04-Jan-2020 12:13 AM"
F5NDPU7FNVKG,1500.00,Valid,"04-Jan-2020 12:13 AM"
JBEKBX1G0DCK,1500.00,Valid,"04-Jan-2020 12:13 AM"
97K74A5ASX8O,1500.00,Valid,"04-Jan-2020 12:13 AM"
4SIGGL5UBGYS,1500.00,Valid,"04-Jan-2020 12:13 AM"
E1HXOLINCK08,1500.00,Valid,"04-Jan-2020 12:13 AM"
T9ASMLS78AO4,1500.00,Valid,"04-Jan-2020 12:13 AM"
39A36V5REGSG,1500.00,Valid,"04-Jan-2020 12:13 AM"
63X6IEMYT1S8,1500.00,Valid,"04-Jan-2020 12:13 AM"
AMYQ6LR6N1KO,1500.00,Valid,"04-Jan-2020 12:13 AM"
QC1U98VONXW8,1500.00,Valid,"04-Jan-2020 12:13 AM"
APG6WW0AEZCC,1500.00,Valid,"04-Jan-2020 12:13 AM"
R5YVBOWZ0XCS,1500.00,Valid,"04-Jan-2020 12:13 AM"
PIJRLO8RCCGW,1500.00,Valid,"04-Jan-2020 12:13 AM"
3FNWHYEQA7OK,1500.00,Valid,"04-Jan-2020 12:13 AM"
EOM2IPFWPTWK,1500.00,Valid,"04-Jan-2020 12:13 AM"
HERVAA232680,1500.00,Valid,"04-Jan-2020 12:13 AM"
87X9DMP1SCCG,1500.00,Valid,"04-Jan-2020 12:13 AM"
P60L4DDPCK0C,1500.00,Valid,"04-Jan-2020 12:13 AM"
MYBWRR45JASC,1500.00,Valid,"04-Jan-2020 12:13 AM"
A4DXGBKVGZCW,1500.00,Valid,"04-Jan-2020 12:13 AM"
L88M9A4OWXWG,1500.00,Valid,"04-Jan-2020 12:13 AM"
BVPDEMC6K80K,1500.00,Valid,"04-Jan-2020 12:13 AM"
H9W2785GOO8O,1500.00,Valid,"04-Jan-2020 12:13 AM"
42ANUC0FKLKW,1500.00,Valid,"04-Jan-2020 12:13 AM"
SQ3PMGQ40TCG,1500.00,Valid,"04-Jan-2020 12:13 AM"
BK7ZL5GJFDW0,1500.00,Valid,"04-Jan-2020 12:13 AM"
JJN44VXG2144,1500.00,Valid,"04-Jan-2020 12:13 AM"
DLSQ70TKQ08O,1500.00,Valid,"04-Jan-2020 12:13 AM"
E56Z4DHECM8K,1500.00,Valid,"04-Jan-2020 12:13 AM"
A0BB4DYO7M04,1500.00,Valid,"04-Jan-2020 12:13 AM"
3IVM96J7T36S,1500.00,Valid,"04-Jan-2020 12:13 AM"
AUPM85J11ZC4,1500.00,Valid,"04-Jan-2020 12:13 AM"
HG0NT8YST3K8,1500.00,Valid,"04-Jan-2020 12:13 AM"
ZCS6CS5VN6OG,1500.00,Valid,"04-Jan-2020 12:13 AM"
2UZMHSJ8H144,1500.00,Valid,"04-Jan-2020 12:13 AM"
SDJPTF577OGG,1500.00,Valid,"04-Jan-2020 12:13 AM"
5IUJPN4V3NS4,1500.00,Valid,"04-Jan-2020 12:13 AM"
9MIMBHJP2H44,1500.00,Valid,"04-Jan-2020 12:13 AM"
8I2JU3E6LKSG,1500.00,Valid,"04-Jan-2020 12:13 AM"
GV1BQ0LLLWOO,1500.00,Valid,"04-Jan-2020 12:13 AM"
2T02HBPWG8IS,1500.00,Valid,"04-Jan-2020 12:13 AM"
RCDST3PZM1WW,1500.00,Valid,"04-Jan-2020 12:13 AM"
M3TICHT52TWS,1500.00,Valid,"04-Jan-2020 12:13 AM"
NATVERQ7DLC8,1500.00,Valid,"04-Jan-2020 12:13 AM"
OLE3C19WCLWO,1500.00,Valid,"04-Jan-2020 12:13 AM"
7O98C4VTQW4K,1500.00,Valid,"04-Jan-2020 12:13 AM"
AV109D2ULX4W,1500.00,Valid,"04-Jan-2020 12:13 AM"
8MDJBN9BK0SG,1500.00,Valid,"04-Jan-2020 12:13 AM"
SJL7UTHFPY8G,1500.00,Valid,"04-Jan-2020 12:13 AM"
8G2UZX6IIPOG,1500.00,Valid,"04-Jan-2020 12:13 AM"
TC43ZVIIJ688,1500.00,Valid,"04-Jan-2020 12:13 AM"
6Z3XYO0GULK4,1500.00,Valid,"04-Jan-2020 12:13 AM"
2OPANVY7THKW,1500.00,Valid,"04-Jan-2020 12:13 AM"
95FTQGNVFI0W,1500.00,Valid,"04-Jan-2020 12:13 AM"
5E7GJ2RGWD8G,1500.00,Valid,"04-Jan-2020 12:13 AM"
36W4T4D10IM8,1500.00,Valid,"04-Jan-2020 12:13 AM"
70C9JMVCLBGO,1500.00,Valid,"04-Jan-2020 12:13 AM"
HUCTJEQ9F1SS,1500.00,Valid,"04-Jan-2020 12:13 AM"
RIZUF7A9OZ4O,1500.00,Valid,"04-Jan-2020 12:13 AM"
H1ZUSJKIQZCC,1500.00,Valid,"04-Jan-2020 12:13 AM"
HTLZSPI4BM04,1500.00,Valid,"04-Jan-2020 12:13 AM"
GO0U1QDLKWOC,1500.00,Valid,"04-Jan-2020 12:13 AM"
5XEBUZESSYKG,1500.00,Valid,"04-Jan-2020 12:13 AM"
6OKJTGRN3Q80,1500.00,Valid,"04-Jan-2020 12:13 AM"
BFMCUJ8J5SOC,1500.00,Valid,"04-Jan-2020 12:13 AM"
NS6CMDARKU84,1500.00,Valid,"04-Jan-2020 12:13 AM"
66HRT3NKEZWO,1500.00,Valid,"04-Jan-2020 12:13 AM"
SPQHQX6QLMSK,1500.00,Valid,"04-Jan-2020 12:13 AM"
QW75TG7UEZ4C,1500.00,Valid,"04-Jan-2020 12:13 AM"
A0Q3UG4RRUGW,1500.00,Valid,"04-Jan-2020 12:13 AM"
KH45Z77Q9R4K,1500.00,Valid,"04-Jan-2020 12:13 AM"
MCY911KX8LC4,1500.00,Valid,"04-Jan-2020 12:13 AM"
BBOSYA41SOOW,1500.00,Valid,"04-Jan-2020 12:13 AM"
7O7VKUDNUESC,1500.00,Valid,"04-Jan-2020 12:13 AM"
4D040U9UQVAC,1500.00,Valid,"04-Jan-2020 12:13 AM"
5TQCO7A848OW,1500.00,Valid,"04-Jan-2020 12:13 AM"
M6BAPEI65LCC,1500.00,Valid,"04-Jan-2020 12:13 AM"
NGIHYD46K1WK,1500.00,Valid,"04-Jan-2020 12:13 AM"
23B1C1UWI1S0,1500.00,Valid,"04-Jan-2020 12:13 AM"
PQ3SS69OH7KG,1500.00,Valid,"04-Jan-2020 12:13 AM"
OEH47Z55KN44,1500.00,Valid,"04-Jan-2020 12:13 AM"
AZOOLHSA9IGO,1500.00,Valid,"04-Jan-2020 12:13 AM"
ESQEWQ70D008,1500.00,Valid,"04-Jan-2020 12:13 AM"
4MYX0J0P2SG0,1500.00,Valid,"04-Jan-2020 12:13 AM"
IVVRL59XF7CW,1500.00,Valid,"04-Jan-2020 12:13 AM"
BP6X1G6XXNKG,1500.00,Valid,"04-Jan-2020 12:13 AM"
A9U41U8HQ74K,1500.00,Valid,"04-Jan-2020 12:13 AM"
EGMDHYZNZO08,1500.00,Valid,"04-Jan-2020 12:13 AM"
I6H6NPMMUK8W,1500.00,Valid,"04-Jan-2020 12:13 AM"
5O0BD8FNERGG,1500.00,Valid,"04-Jan-2020 12:13 AM"
4HZLBYCMOGOW,1500.00,Valid,"04-Jan-2020 12:13 AM"
3W55YWTXJ4MC,1500.00,Valid,"04-Jan-2020 12:13 AM"
8O40WCS9Z9GK,1500.00,Valid,"04-Jan-2020 12:13 AM"
4IFQIF6E4AW4,1500.00,Valid,"04-Jan-2020 12:13 AM"
6A1IE8X6D70O,1500.00,Valid,"04-Jan-2020 12:13 AM"
65B15DBVYE0W,1500.00,Valid,"04-Jan-2020 12:13 AM"
LM9MV7F7BBK8,1500.00,Valid,"04-Jan-2020 12:13 AM"
IYA22ONS9VK0,1500.00,Valid,"04-Jan-2020 12:13 AM"
BJINCZE8JC0K,1500.00,Valid,"04-Jan-2020 12:13 AM"
ICTV3RE83S8O,1500.00,Valid,"04-Jan-2020 12:13 AM"
B2LSDADTPZC4,1500.00,Valid,"04-Jan-2020 12:13 AM"
N6TYBRZC3W0O,1500.00,Valid,"04-Jan-2020 12:13 AM"
5RTXALO306KO,1500.00,Valid,"04-Jan-2020 12:13 AM"
8BIAKMEHBWKK,1500.00,Valid,"04-Jan-2020 12:13 AM"
PMH2T5IY8XCO,1500.00,Valid,"04-Jan-2020 12:13 AM"
BF9I8DFL7DC8,1500.00,Valid,"04-Jan-2020 12:13 AM"
65VVMPFDHFK0,1500.00,Valid,"04-Jan-2020 12:13 AM"
KNNILA2HMTCW,1500.00,Valid,"04-Jan-2020 12:13 AM"
SX7RC6BYK6S8,1500.00,Valid,"04-Jan-2020 12:13 AM"
4P3XA3RT4MCK,1500.00,Valid,"04-Jan-2020 12:13 AM"
FDMS9E4JXN48,1500.00,Valid,"04-Jan-2020 12:13 AM"
8FOJLTNUOO4K,1500.00,Valid,"04-Jan-2020 12:13 AM"
F0OWB2S4L008,1500.00,Valid,"04-Jan-2020 12:13 AM"
A0D69TJQVRC4,1500.00,Valid,"04-Jan-2020 12:13 AM"
1CIVOCIJBWDC,1500.00,Valid,"04-Jan-2020 12:13 AM"
84L9XXYEFM8S,1500.00,Valid,"04-Jan-2020 12:13 AM"
9K0E6LEWOFSW,1500.00,Valid,"04-Jan-2020 12:13 AM"
PRJYW80G5N48,1500.00,Valid,"04-Jan-2020 12:13 AM"
HREXRLXJ81S0,1500.00,Valid,"04-Jan-2020 12:13 AM"
AL5U0USL48W0,1500.00,Valid,"04-Jan-2020 12:13 AM"
3OZXPMA08DGK,1500.00,Valid,"04-Jan-2020 12:13 AM"
AGFZVFYIIYW4,1500.00,Valid,"04-Jan-2020 12:13 AM"
Q6C33GPX1TCS,1500.00,Valid,"04-Jan-2020 12:13 AM"
DAYNBEAKCXS0,1500.00,Valid,"04-Jan-2020 12:13 AM"
JVRY60NGM9WG,1500.00,Valid,"04-Jan-2020 12:13 AM"
6J3RCLGQ2POG,1500.00,Valid,"04-Jan-2020 12:13 AM"
T5WMS49IOSG0,1500.00,Valid,"04-Jan-2020 12:13 AM"
LV1WYCVSITCW,1500.00,Valid,"04-Jan-2020 12:13 AM"
M89DU59GQJ4C,1500.00,Valid,"04-Jan-2020 12:13 AM"
BBZCXO95VA8G,1500.00,Valid,"04-Jan-2020 12:13 AM"
GICVYN3I2CGG,1500.00,Valid,"04-Jan-2020 12:13 AM"
7P4KLNRIEEOS,1500.00,Valid,"04-Jan-2020 12:13 AM"
5Y8BNH0DPECC,1500.00,Valid,"04-Jan-2020 12:13 AM"
KRGJA96Q9U8C,1500.00,Valid,"04-Jan-2020 12:13 AM"
7R0GKUMWOGSG,1500.00,Valid,"04-Jan-2020 12:13 AM"
6UHJ3V1CMWSG,1500.00,Valid,"04-Jan-2020 12:13 AM"
7159MWXJKJGG,1500.00,Valid,"04-Jan-2020 12:13 AM"
CP7HBATQIM80,1500.00,Valid,"04-Jan-2020 12:13 AM"
OFYHYJL77XWC,1500.00,Valid,"04-Jan-2020 12:13 AM"
9YM6V5D8CJCW,1500.00,Valid,"04-Jan-2020 12:13 AM"
OY9CKTNZDXWO,1500.00,Valid,"04-Jan-2020 12:13 AM"
2471CF3YJLWK,1500.00,Valid,"04-Jan-2020 12:13 AM"
C24AMRFSCUO8,1500.00,Valid,"04-Jan-2020 12:13 AM"
CRQ1FVFJFS0K,1500.00,Valid,"04-Jan-2020 12:13 AM"
FCHCBPZ98OOW,1500.00,Valid,"04-Jan-2020 12:13 AM"
D3WE7G5K8G00,1500.00,Valid,"04-Jan-2020 12:13 AM"
AOQRJNGNYKW8,1500.00,Valid,"04-Jan-2020 12:13 AM"
1CQE5I9UPSKK,1500.00,Valid,"04-Jan-2020 12:13 AM"
PLFH2HAIAM8W,1500.00,Valid,"04-Jan-2020 12:13 AM"
2JRQJTWZ87K0,1500.00,Valid,"04-Jan-2020 12:13 AM"
2EMKHYVLD8U8,1500.00,Valid,"04-Jan-2020 12:13 AM"
FKYBWCMDFFCC,1500.00,Valid,"04-Jan-2020 12:13 AM"
83482X2XMU0W,1500.00,Valid,"04-Jan-2020 12:13 AM"
B513WKXC5E88,1500.00,Valid,"04-Jan-2020 12:13 AM"
LDKDKTM1J400,1500.00,Valid,"04-Jan-2020 12:13 AM"
ILH5AB4P8E0W,1500.00,Valid,"04-Jan-2020 12:13 AM"
421QU5BE814W,1500.00,Valid,"04-Jan-2020 12:13 AM"
ATFWWBKDNF48,1500.00,Valid,"04-Jan-2020 12:13 AM"
LXT87WJP1OG4,1500.00,Valid,"04-Jan-2020 12:13 AM"
MIWF1N44SJK0,1500.00,Valid,"04-Jan-2020 12:13 AM"
E4MSZVZTCDCG,1500.00,Valid,"04-Jan-2020 12:13 AM"
OP1WCFI5UO00,1500.00,Valid,"04-Jan-2020 12:13 AM"
DWFYEI0V37K0,1500.00,Valid,"04-Jan-2020 12:13 AM"
Q87ZX79ISHWG,1500.00,Valid,"04-Jan-2020 12:13 AM"
5CDWMNPA3TKW,1500.00,Valid,"04-Jan-2020 12:13 AM"
9B9XNOLF4R8C,1500.00,Valid,"04-Jan-2020 12:13 AM"
6YTO8476XKG8,1500.00,Valid,"04-Jan-2020 12:13 AM"
BWEZQIKOQBK0,1500.00,Valid,"04-Jan-2020 12:13 AM"
A4TC1OPJTDCS,1500.00,Valid,"04-Jan-2020 12:13 AM"
283S2C0YGH8G,1500.00,Valid,"04-Jan-2020 12:13 AM"
I78M2N4703WO,1500.00,Valid,"04-Jan-2020 12:13 AM"
FPB0JZ2OAXW0,1500.00,Valid,"04-Jan-2020 12:13 AM"
QM6DUR8GIBK4,1500.00,Valid,"04-Jan-2020 12:13 AM"
BM3UPZAGWDKO,1500.00,Valid,"04-Jan-2020 12:13 AM"
P71YJJ1E2U8K,1500.00,Valid,"04-Jan-2020 12:13 AM"
D7PJDFJVCEO8,1500.00,Valid,"04-Jan-2020 12:13 AM"
47I495VB1G6C,1500.00,Valid,"04-Jan-2020 12:13 AM"
63CNVJG4Z6CC,1500.00,Valid,"04-Jan-2020 12:13 AM"
8AJWY6SNVA0W,1500.00,Valid,"04-Jan-2020 12:13 AM"
S9GBG55GBZKO,1500.00,Valid,"04-Jan-2020 12:13 AM"
JV9D714EM68W,1500.00,Valid,"04-Jan-2020 12:13 AM"
D1Y8MJT4P9SS,1500.00,Valid,"04-Jan-2020 12:13 AM"
JY8SKVPJOQO0,1500.00,Valid,"04-Jan-2020 12:13 AM"
JP3DSYRST3C4,1500.00,Valid,"04-Jan-2020 12:13 AM"
MBZH63U51HC4,1500.00,Valid,"04-Jan-2020 12:13 AM"
SSEELIF19K0G,1500.00,Valid,"04-Jan-2020 12:13 AM"
40S2Q6PC22QS,1500.00,Valid,"04-Jan-2020 12:13 AM"
PB8MK7JH2I8S,1500.00,Valid,"04-Jan-2020 12:13 AM"
8T7USLM8L0SO,1500.00,Valid,"04-Jan-2020 12:13 AM"
A31NQ81K3ZSW,1500.00,Valid,"04-Jan-2020 12:13 AM"
SKTPCA4K4Z4O,1500.00,Valid,"04-Jan-2020 12:13 AM"
70VUJ287RN48,1500.00,Valid,"04-Jan-2020 12:13 AM"
IPKQ60NK6B4S,1500.00,Valid,"04-Jan-2020 12:13 AM"
7FYGZ95KGYW4,1500.00,Valid,"04-Jan-2020 12:13 AM"
IEY8W9JSP68S,1500.00,Valid,"04-Jan-2020 12:13 AM"
JR37J9I0I7KO,1500.00,Valid,"04-Jan-2020 12:13 AM"
RAVGUOMT0PCC,1500.00,Valid,"04-Jan-2020 12:13 AM"
P39FYDUZ9LWW,1500.00,Valid,"04-Jan-2020 12:13 AM"
GAMADGFVAQOG,1500.00,Valid,"04-Jan-2020 12:13 AM"
D57MZV42OO0K,1500.00,Valid,"04-Jan-2020 12:13 AM"
K8G5DI8EDN48,1500.00,Valid,"04-Jan-2020 12:13 AM"
G6TSD56V59CG,1500.00,Valid,"04-Jan-2020 12:13 AM"
8VG64LUJL4CO,1500.00,Valid,"04-Jan-2020 12:13 AM"
EGOTWARPXU04,1500.00,Valid,"04-Jan-2020 12:13 AM"
57DUGZPDSJ4S,1500.00,Valid,"04-Jan-2020 12:13 AM"
T2PBFJV3R74S,1500.00,Valid,"04-Jan-2020 12:13 AM"
54VU2D8FV8W8,1500.00,Valid,"04-Jan-2020 12:13 AM"
KJXKU8MZXDS4,1500.00,Valid,"04-Jan-2020 12:13 AM"
K629GPGCSPWW,1500.00,Valid,"04-Jan-2020 12:13 AM"
BSKGXG65DUOG,1500.00,Valid,"04-Jan-2020 12:13 AM"
8PLWPDRJWS4C,1500.00,Valid,"04-Jan-2020 12:13 AM"
FIE1CSL49I8G,1500.00,Valid,"04-Jan-2020 12:13 AM"
703RSAUJZY0W,1500.00,Valid,"04-Jan-2020 12:13 AM"
2P3GKRQEDFCW,1500.00,Valid,"04-Jan-2020 12:13 AM"
A8T7UZ6LJE0O,1500.00,Valid,"04-Jan-2020 12:13 AM"
H17WB1JFR484,1500.00,Valid,"04-Jan-2020 12:13 AM"
N9U2FDCKYTC4,1500.00,Valid,"04-Jan-2020 12:13 AM"
4V23CZL2RPYC,1500.00,Valid,"04-Jan-2020 12:13 AM"
876WC2T9YLSS,1500.00,Valid,"04-Jan-2020 12:13 AM"
5BUYLQCJ0LK4,1500.00,Valid,"04-Jan-2020 12:13 AM"
DRCWY8KIO9C8,1500.00,Valid,"04-Jan-2020 12:13 AM"
F6BNCX8YPLSK,1500.00,Valid,"04-Jan-2020 12:13 AM"
AFHT98A0M9KW,1500.00,Valid,"04-Jan-2020 12:13 AM"
LKID2NCMV808,1500.00,Valid,"04-Jan-2020 12:13 AM"
K8U7R7SU1FK4,1500.00,Valid,"04-Jan-2020 12:13 AM"
CHA3C0B6X1WS,1500.00,Valid,"04-Jan-2020 12:13 AM"
1TNF15NAAJ34,1500.00,Valid,"04-Jan-2020 12:13 AM"
817WHBHZ6RCW,1500.00,Valid,"04-Jan-2020 12:13 AM"
BSR76NZKBA0C,1500.00,Valid,"04-Jan-2020 12:13 AM"
KCCY938GLOG4,1500.00,Valid,"04-Jan-2020 12:13 AM"
7TKUGIM4MMG4,1500.00,Valid,"04-Jan-2020 12:13 AM"
BS0IU0N4APS0,1500.00,Valid,"04-Jan-2020 12:13 AM"
R8CO4WZ3XKGO,1500.00,Valid,"04-Jan-2020 12:13 AM"
3BW2NS4RG2M8,1500.00,Valid,"04-Jan-2020 12:13 AM"
CWKO9BTKVNCW,1500.00,Valid,"04-Jan-2020 12:13 AM"
87TMQ6OC384C,1500.00,Valid,"04-Jan-2020 12:13 AM"
H51EOO2FKYOK,1500.00,Valid,"04-Jan-2020 12:13 AM"
SNUE9N9PHU88,1500.00,Valid,"04-Jan-2020 12:13 AM"
2STTL1DHCCE8,1500.00,Valid,"04-Jan-2020 12:13 AM"
GXW51WWI3SGS,1500.00,Valid,"04-Jan-2020 12:13 AM"
KNABP1Q80DSS,1500.00,Valid,"04-Jan-2020 12:13 AM"
D8W3ED9W4I88,1500.00,Valid,"04-Jan-2020 12:13 AM"
NQHZZANLVU8S,1500.00,Valid,"04-Jan-2020 12:13 AM"
LEIPXDA5FTCC,1500.00,Valid,"04-Jan-2020 12:13 AM"
IEF2LH26BNK0,1500.00,Valid,"04-Jan-2020 12:13 AM"
DS710XE6VRSC,1500.00,Valid,"04-Jan-2020 12:13 AM"
1Y9DYRGB3UF4,1500.00,Valid,"04-Jan-2020 12:13 AM"
FJ99LMG3VTW0,1500.00,Valid,"04-Jan-2020 12:13 AM"
6Y5D81YJ66WW,1500.00,Valid,"04-Jan-2020 12:13 AM"
6TADR651KPCS,1500.00,Valid,"04-Jan-2020 12:13 AM"
P1D3ITCXAUS8,1500.00,Valid,"04-Jan-2020 12:13 AM"
PPBVHMWHPIOS,1500.00,Valid,"04-Jan-2020 12:13 AM"
LTPSSX3PBSGS,1500.00,Valid,"04-Jan-2020 12:13 AM"
CD1P1KOC53C4,1500.00,Valid,"04-Jan-2020 12:13 AM"
QT7KVEYSPE88,1500.00,Valid,"04-Jan-2020 12:13 AM"
68H5LMSXRCG8,1500.00,Valid,"04-Jan-2020 12:13 AM"
IYT8DIW46A04,1500.00,Valid,"04-Jan-2020 12:13 AM"
GNUD76030FWC,1500.00,Valid,"04-Jan-2020 12:13 AM"
QU70D2HT9C00,1500.00,Valid,"04-Jan-2020 12:13 AM"
8Q5HEDSUB6W4,1500.00,Valid,"04-Jan-2020 12:13 AM"
8RBSM8GQ0QGW,1500.00,Valid,"04-Jan-2020 12:13 AM"
3Q0KPWIFUJQC,1500.00,Valid,"04-Jan-2020 12:13 AM"
89FJYXS5POKK,1500.00,Valid,"04-Jan-2020 12:13 AM"
F0L1YG8NYO00,1500.00,Valid,"04-Jan-2020 12:13 AM"
9XS7KJQ8W4GK,1500.00,Valid,"04-Jan-2020 12:13 AM"
16S1FO92UG74,1500.00,Valid,"04-Jan-2020 12:13 AM"
ICBEU3TU6JSO,1500.00,Valid,"04-Jan-2020 12:13 AM"
AWSOOQ8J5K0G,1500.00,Valid,"04-Jan-2020 12:13 AM"
89GKP68B94KC,1500.00,Valid,"04-Jan-2020 12:13 AM"
4MF6TIE5OBY8,1500.00,Valid,"04-Jan-2020 12:13 AM"
LNY4WC0AFHWC,1500.00,Valid,"04-Jan-2020 12:13 AM"
CLTKYVCFRZKS,1500.00,Valid,"04-Jan-2020 12:13 AM"
2YUDLMV3HBEO,1500.00,Valid,"04-Jan-2020 12:13 AM"
PRPLH1FG6I8S,1500.00,Valid,"04-Jan-2020 12:13 AM"
GDF23X8OPWGK,1500.00,Valid,"04-Jan-2020 12:13 AM"
RCAWU1YIOG0W,1500.00,Valid,"04-Jan-2020 12:13 AM"
70N6CW51DQCK,1500.00,Valid,"04-Jan-2020 12:13 AM"
FGUWAWBTK1WG,1500.00,Valid,"04-Jan-2020 12:13 AM"
S4BR1TJC06OS,1500.00,Valid,"04-Jan-2020 12:13 AM"
AOUVVARB7OGK,1500.00,Valid,"04-Jan-2020 12:13 AM"
O9K5AGKDJN4O,1500.00,Valid,"04-Jan-2020 12:13 AM"
COUPDSE1920C,1500.00,Valid,"04-Jan-2020 12:13 AM"
FWNO4VERXKGS,1500.00,Valid,"04-Jan-2020 12:13 AM"
LUW8I113XZ44,1500.00,Valid,"04-Jan-2020 12:13 AM"
5Y30T5V6UTC0,1500.00,Valid,"04-Jan-2020 12:13 AM"
BTLEFQNDZ34K,1500.00,Valid,"04-Jan-2020 12:13 AM"
JNWPKVPV47K8,1500.00,Valid,"04-Jan-2020 12:13 AM"
BWZ98PFK2U0C,1500.00,Valid,"04-Jan-2020 12:13 AM"
G0K79D3I6C08,1500.00,Valid,"04-Jan-2020 12:13 AM"
PTV1LNBKZY80,1500.00,Valid,"04-Jan-2020 12:13 AM"
2BTX4FRS98YS,1500.00,Valid,"04-Jan-2020 12:13 AM"
LQKI3NY77TWW,1500.00,Valid,"04-Jan-2020 12:13 AM"
OFLFA2PLEUOS,1500.00,Valid,"04-Jan-2020 12:13 AM"
11321SE24PNK,1500.00,Valid,"04-Jan-2020 12:13 AM"
3LPXPUPV1HIC,1500.00,Valid,"04-Jan-2020 12:13 AM"
DF9M2TKG40OC,1500.00,Valid,"04-Jan-2020 12:13 AM"
TN8UYJZKV0G0,1500.00,Valid,"04-Jan-2020 12:13 AM"
RFRWB5VAR0GW,1500.00,Valid,"04-Jan-2020 12:13 AM"
P522UUD5PWGK,1500.00,Valid,"04-Jan-2020 12:13 AM"
K7GVGH2WM4G0,1500.00,Valid,"04-Jan-2020 12:13 AM"
T101AXWFLHC0,1500.00,Valid,"04-Jan-2020 12:13 AM"
KQPK1ISO8AO0,1500.00,Valid,"04-Jan-2020 12:13 AM"
6N3BGREIT4KC,1500.00,Valid,"04-Jan-2020 12:13 AM"
NRJ38JRTR68C,1500.00,Valid,"04-Jan-2020 12:13 AM"
CZP47YA5QRS4,1500.00,Valid,"04-Jan-2020 12:13 AM"
AG5HQS39ZKG8,1500.00,Valid,"04-Jan-2020 12:13 AM"
NGV8S81DEC0C,1500.00,Valid,"04-Jan-2020 12:13 AM"
GMTNWTA4IE8G,1500.00,Valid,"04-Jan-2020 12:13 AM"
8B2AE8W7CJ8C,1500.00,Valid,"04-Jan-2020 12:13 AM"
CNA245BFKTCG,1500.00,Valid,"04-Jan-2020 12:13 AM"
MO7G76OCK5WS,1500.00,Valid,"04-Jan-2020 12:13 AM"
BI425S4VIO00,1500.00,Valid,"04-Jan-2020 12:13 AM"
M1RQRNCDBDCC,1500.00,Valid,"04-Jan-2020 12:13 AM"
F5LNKHNZEVC4,1500.00,Valid,"04-Jan-2020 12:13 AM"
5UC03H77HV4S,1500.00,Valid,"04-Jan-2020 12:13 AM"
NWVA5EP42S08,1500.00,Valid,"04-Jan-2020 12:13 AM"
CU6ZWLXF9K8O,1500.00,Valid,"04-Jan-2020 12:13 AM"
AHH1G2YPE1C8,1500.00,Valid,"04-Jan-2020 12:13 AM"
IQRPMCQQO68K,1500.00,Valid,"04-Jan-2020 12:13 AM"
3J8T7LLVKH44,1500.00,Valid,"04-Jan-2020 12:13 AM"
N9EN6WY99ES4,1500.00,Valid,"04-Jan-2020 12:13 AM"
5PXYURIXGN40,1500.00,Valid,"04-Jan-2020 12:13 AM"
O3HT7OM3DMO4,1500.00,Valid,"04-Jan-2020 12:13 AM"
SFGB0417YTC0,1500.00,Valid,"04-Jan-2020 12:13 AM"
43PEUKR3AMEC,1500.00,Valid,"04-Jan-2020 12:13 AM"
J2PCI0YYJ8GK,1500.00,Valid,"04-Jan-2020 12:13 AM"
6PIURMUOWUOS,1500.00,Valid,"04-Jan-2020 12:13 AM"
SI46HP3VJR44,1500.00,Valid,"04-Jan-2020 12:13 AM"
97KISXCV2EKO,1500.00,Valid,"04-Jan-2020 12:13 AM"
TQ7NC5BQ6DC4,1500.00,Valid,"04-Jan-2020 12:13 AM"
5T1WNJHUAOGS,1500.00,Valid,"04-Jan-2020 12:13 AM"
26L9R4HRQ1NO,1500.00,Valid,"04-Jan-2020 12:13 AM"
5HHE996NHAO8,1500.00,Valid,"04-Jan-2020 12:13 AM"
A6P7LNUH5BCO,1500.00,Valid,"04-Jan-2020 12:13 AM"
CDIHS2M8MM0W,1500.00,Valid,"04-Jan-2020 12:13 AM"
RGLX5NA6F7K0,1500.00,Valid,"04-Jan-2020 12:13 AM"
S9MOGCDBMOG8,1500.00,Valid,"04-Jan-2020 12:13 AM"
1TVVFOGKLDS0,1500.00,Valid,"04-Jan-2020 12:13 AM"
B6LAVJXD6OG8,1500.00,Valid,"04-Jan-2020 12:13 AM"
2XPFXYQKXAUC,1500.00,Valid,"04-Jan-2020 12:13 AM"
HLOYS3OU1PW8,1500.00,Valid,"04-Jan-2020 12:13 AM"
7BMNEAMTLDS0,1500.00,Valid,"04-Jan-2020 12:13 AM"
R7H2KBIMNYSO,1500.00,Valid,"04-Jan-2020 12:13 AM"
9LVMT85MGWSG,1500.00,Valid,"04-Jan-2020 12:13 AM"
PSMBFZ2AAY8S,1500.00,Valid,"04-Jan-2020 12:13 AM"
S84K3LFSR404,1500.00,Valid,"04-Jan-2020 12:13 AM"
OUJN8TTYM5CG,1500.00,Valid,"04-Jan-2020 12:13 AM"
48T2XM0D454W,1500.00,Valid,"04-Jan-2020 12:13 AM"
SSJMJQZ909W0,1500.00,Valid,"04-Jan-2020 12:13 AM"
S6PEBMZNXMSK,1500.00,Valid,"04-Jan-2020 12:13 AM"
EHV0IC703688,1500.00,Valid,"04-Jan-2020 12:13 AM"
6ON3S8QY8Y04,1500.00,Valid,"04-Jan-2020 12:13 AM"
GWH7674FIHW0,1500.00,Valid,"04-Jan-2020 12:13 AM"
5VCY0P6QHH0C,1500.00,Valid,"04-Jan-2020 12:13 AM"
RYH45SVGGNKC,1500.00,Valid,"04-Jan-2020 12:13 AM"
7H4AEC8Q5MCC,1500.00,Valid,"04-Jan-2020 12:13 AM"
526W0YIK9484,1500.00,Valid,"04-Jan-2020 12:13 AM"
5PO270O24N40,1500.00,Valid,"04-Jan-2020 12:13 AM"
PC1QF6P57ESG,1500.00,Valid,"04-Jan-2020 12:13 AM"
KM4FDJY55XSC,1500.00,Valid,"04-Jan-2020 12:13 AM"
7R09FXE5ZZ8K,1500.00,Valid,"04-Jan-2020 12:13 AM"
3ALDXBAEDJ0G,1500.00,Valid,"04-Jan-2020 12:13 AM"
91ETTMH858G0,1500.00,Valid,"04-Jan-2020 12:13 AM"
NB5DV7BCSU80,1500.00,Valid,"04-Jan-2020 12:13 AM"
DNK88WDOXJSC,1500.00,Valid,"04-Jan-2020 12:13 AM"
CG44TJNETO0S,1500.00,Valid,"04-Jan-2020 12:13 AM"
OSKOAQ35GY88,1500.00,Valid,"04-Jan-2020 12:13 AM"
79X4NZQPK0SG,1500.00,Valid,"04-Jan-2020 12:13 AM"
BJ3POCR78H4O,1500.00,Valid,"04-Jan-2020 12:13 AM"
PU1OGJ7A69WG,1500.00,Valid,"04-Jan-2020 12:13 AM"
1743GDFOJ8V4,1500.00,Valid,"04-Jan-2020 12:13 AM"
NGKVMB3D9HCW,1500.00,Valid,"04-Jan-2020 12:13 AM"
MUPPB9LJ2V4W,1500.00,Valid,"04-Jan-2020 12:13 AM"
HSS21L92IW0G,1500.00,Valid,"04-Jan-2020 12:13 AM"
T8OOEO6PN00O,1500.00,Valid,"04-Jan-2020 12:13 AM"
RV72AN4RIU8G,1500.00,Valid,"04-Jan-2020 12:13 AM"
8LKCQIXZY3WO,1500.00,Valid,"04-Jan-2020 12:13 AM"
5QT8K3FZMM4G,1500.00,Valid,"04-Jan-2020 12:13 AM"
PB38M40ALZ4W,1500.00,Valid,"04-Jan-2020 12:13 AM"
2UB6XDJG83AC,1500.00,Valid,"04-Jan-2020 12:13 AM"
F0HABWQGBE0O,1500.00,Valid,"04-Jan-2020 12:13 AM"
O9KSEC4XVHW8,1500.00,Valid,"04-Jan-2020 12:13 AM"
7A2XUAM1IC0S,1500.00,Valid,"04-Jan-2020 12:13 AM"
BVW79GPHSKGK,1500.00,Valid,"04-Jan-2020 12:13 AM"
OS7SFCMA6V4W,1500.00,Valid,"04-Jan-2020 12:13 AM"
H76SES0D7PS8,1500.00,Valid,"04-Jan-2020 12:13 AM"
CLH3WFUPNZ4K,1500.00,Valid,"04-Jan-2020 12:13 AM"
T2FRCFKRYTWS,1500.00,Valid,"04-Jan-2020 12:13 AM"
A4S7QOZMZGW8,1500.00,Valid,"04-Jan-2020 12:13 AM"
5D3N9ICBE3OK,1500.00,Valid,"04-Jan-2020 12:13 AM"
QUV1DW34I1CC,1500.00,Valid,"04-Jan-2020 12:13 AM"
KL1O509N2DC4,1500.00,Valid,"04-Jan-2020 12:13 AM"
EYV5SNBA0DKO,1500.00,Valid,"04-Jan-2020 12:13 AM"
A72Z8RS4R34K,1500.00,Valid,"04-Jan-2020 12:13 AM"
Q0SZ1WJUATC4,1500.00,Valid,"04-Jan-2020 12:13 AM"
LM3GV8V19LWW,1500.00,Valid,"04-Jan-2020 12:13 AM"
13QGUUWZMVES,1500.00,Valid,"04-Jan-2020 12:13 AM"
9KS8VHK8A7GO,1500.00,Valid,"04-Jan-2020 12:13 AM"
LY9AZTRNBJ4G,1500.00,Valid,"04-Jan-2020 12:13 AM"
ALPO2E3UAAWO,1500.00,Valid,"04-Jan-2020 12:13 AM"
3T2LSC873V28,1500.00,Valid,"04-Jan-2020 12:13 AM"
HT10DSO31B4K,1500.00,Valid,"04-Jan-2020 12:13 AM"
4HUKZVXEBDIC,1500.00,Valid,"04-Jan-2020 12:13 AM"
BX7JFQRTEFWW,1500.00,Valid,"04-Jan-2020 12:13 AM"
SIJ8BQSG78GG,1500.00,Valid,"04-Jan-2020 12:13 AM"
2N95Y57Z3HIC,1500.00,Valid,"04-Jan-2020 12:13 AM"
MR29YEDDQUS8,1500.00,Valid,"04-Jan-2020 12:13 AM"
IG5GB7HOZTKC,1500.00,Valid,"04-Jan-2020 12:13 AM"
H5VGU4A64KOO,1500.00,Valid,"04-Jan-2020 12:13 AM"
XYWRHZV6BXWC,1500.00,Valid,"04-Jan-2020 12:13 AM"
INPW8SUAR2O8,1500.00,Valid,"04-Jan-2020 12:13 AM"
DJAUMPP8UTC0,1500.00,Valid,"04-Jan-2020 12:13 AM"
DT0QDFXSA0GS,1500.00,Valid,"04-Jan-2020 12:13 AM"
4F337CUHH7Y8,1500.00,Valid,"04-Jan-2020 12:13 AM"
EZ70C1ZYXWOO,1500.00,Valid,"04-Jan-2020 12:13 AM"
TWBT85G0QJKK,1500.00,Valid,"04-Jan-2020 12:13 AM"
6RQJ9GWGPYCK,1500.00,Valid,"04-Jan-2020 12:13 AM"
7Y2MCHKO5B0G,1500.00,Valid,"04-Jan-2020 12:13 AM"
8812E2M4ES4C,1500.00,Valid,"04-Jan-2020 12:13 AM"
Q3JZ963P7TCC,1500.00,Valid,"04-Jan-2020 12:13 AM"
SYTM4ADYMESC,1500.00,Valid,"04-Jan-2020 12:13 AM"
F9A3YJ4V9DWG,1500.00,Valid,"04-Jan-2020 12:13 AM"
KQJM6KKPNIOC,1500.00,Valid,"04-Jan-2020 12:13 AM"
QUCDR0PS1I8G,1500.00,Valid,"04-Jan-2020 12:13 AM"
6BRQZHEXGR8C,1500.00,Valid,"04-Jan-2020 12:13 AM"
SCOVDB5VKLC0,1500.00,Valid,"04-Jan-2020 12:13 AM"
1IUVMBRKP4SG,1500.00,Valid,"04-Jan-2020 12:13 AM"
C3YYQD314V4K,1500.00,Valid,"04-Jan-2020 12:13 AM"
9MAAMXZB10SO,1500.00,Valid,"04-Jan-2020 12:13 AM"
GSB6JQEQAN4G,1500.00,Valid,"04-Jan-2020 12:13 AM"
38G9LVU27HC0,1500.00,Valid,"04-Jan-2020 12:13 AM"
NNOT0F3US68G,1500.00,Valid,"04-Jan-2020 12:13 AM"
S1XB8VQO64G0,1500.00,Valid,"04-Jan-2020 12:13 AM"
BU881E07V5KW,1500.00,Valid,"04-Jan-2020 12:13 AM"
D0W2XIHZ7PS8,1500.00,Valid,"04-Jan-2020 12:13 AM"
IBUNGIICNVKK,1500.00,Valid,"04-Jan-2020 12:13 AM"
6FOTS9IMFXWC,1500.00,Valid,"04-Jan-2020 12:13 AM"
SMKD43Q9YO04,1500.00,Valid,"04-Jan-2020 12:13 AM"
JGXV61X4GHS0,1500.00,Valid,"04-Jan-2020 12:13 AM"
QCOJ8Y5Z1Z44,1500.00,Valid,"04-Jan-2020 12:13 AM"
C8WVSBFJTO8W,1500.00,Valid,"04-Jan-2020 12:13 AM"
BWC808DFFN4S,1500.00,Valid,"04-Jan-2020 12:13 AM"
NMPWAG678Z4O,1500.00,Valid,"04-Jan-2020 12:13 AM"
DVEAYNFBCWG8,1500.00,Valid,"04-Jan-2020 12:13 AM"
PTOFZ1OE2Z48,1500.00,Valid,"04-Jan-2020 12:13 AM"
D5DDBOCXIG0G,1500.00,Valid,"04-Jan-2020 12:13 AM"
B7T49GAP5544,1500.00,Valid,"04-Jan-2020 12:13 AM"
8L5EU504QZ8C,1500.00,Valid,"04-Jan-2020 12:13 AM"
7SRIAK4DJQCK,1500.00,Valid,"04-Jan-2020 12:13 AM"
RSLDZYY2FHCK,1500.00,Valid,"04-Jan-2020 12:13 AM"
TLLP4PJJO2S0,1500.00,Valid,"04-Jan-2020 12:13 AM"
JTRQWNEKYU8K,1500.00,Valid,"04-Jan-2020 12:13 AM"
CFTRFAC8O5S8,1500.00,Valid,"04-Jan-2020 12:13 AM"
IGY3DEITGBW4,1500.00,Valid,"04-Jan-2020 12:13 AM"
5OF6FYP1SWSG,1500.00,Valid,"04-Jan-2020 12:13 AM"
7QPBJJ27LP4W,1500.00,Valid,"04-Jan-2020 12:13 AM"
1QVIUMEQ7PS0,1500.00,Valid,"04-Jan-2020 12:13 AM"
80M2MPW38V40,1500.00,Valid,"04-Jan-2020 12:13 AM"
8ZE0ZXJYGB8C,1500.00,Valid,"04-Jan-2020 12:13 AM"
B8EXXAJIL7KG,1500.00,Valid,"04-Jan-2020 12:13 AM"
1NONFKU90PUS,1500.00,Valid,"04-Jan-2020 12:13 AM"
3GJ2A7V6BNUO,1500.00,Valid,"04-Jan-2020 12:13 AM"
ES2AGJMT16O0,1500.00,Valid,"04-Jan-2020 12:13 AM"
2MOK051YX86C,1500.00,Valid,"04-Jan-2020 12:13 AM"
TON9UUW0BGG0,1500.00,Valid,"04-Jan-2020 12:13 AM"
KMOAE6FSX5CC,1500.00,Valid,"04-Jan-2020 12:13 AM"
SXAI5Y5HU1CC,1500.00,Valid,"04-Jan-2020 12:13 AM"
AYPL225JH0GG,1500.00,Valid,"04-Jan-2020 12:13 AM"
D78PU0ZICS8W,1500.00,Valid,"04-Jan-2020 12:13 AM"
EGWOXAH4W740,1500.00,Valid,"04-Jan-2020 12:13 AM"
5F8NKEV52ZOK,1500.00,Valid,"04-Jan-2020 12:13 AM"
1O21IU4K7CSG,1500.00,Valid,"04-Jan-2020 12:13 AM"
IN6P54NWWJS4,1500.00,Valid,"04-Jan-2020 12:13 AM"
IX0R3GP9TQG4,1500.00,Valid,"04-Jan-2020 12:13 AM"
JBJ2K7SP11C0,1500.00,Valid,"04-Jan-2020 12:13 AM"
4CL5S5DVZNCW,1500.00,Valid,"04-Jan-2020 12:13 AM"
1RLWS1GUQKJO,1500.00,Valid,"04-Jan-2020 12:13 AM"
QCTHBQESWS0S,1500.00,Valid,"04-Jan-2020 12:13 AM"
FS38IF7UT88W,1500.00,Valid,"04-Jan-2020 12:13 AM"
H9E5DK0MVYO8,1500.00,Valid,"04-Jan-2020 12:13 AM"
G6TEXRHCO7K8,1500.00,Valid,"04-Jan-2020 12:13 AM"
VRXJHHPUQN4K,1500.00,Valid,"04-Jan-2020 12:13 AM"
Q1JF8I7X7AOO,1500.00,Valid,"04-Jan-2020 12:13 AM"
BMUNECAK6OG8,1500.00,Valid,"04-Jan-2020 12:13 AM"
9W2KFXTNH008,1500.00,Valid,"04-Jan-2020 12:13 AM"
NPMSPGE8SLWO,1500.00,Valid,"04-Jan-2020 12:13 AM"
ID7XL0QC5CG8,1500.00,Valid,"04-Jan-2020 12:13 AM"
2G85ZK0WNL7O,1500.00,Valid,"04-Jan-2020 12:13 AM"
F0GJQ49IZTSG,1500.00,Valid,"04-Jan-2020 12:13 AM"
M0H1NXWPUKG0,1500.00,Valid,"04-Jan-2020 12:13 AM"
I1KITEPL9P4C,1500.00,Valid,"04-Jan-2020 12:13 AM"
H0TK8VIE6BS4,1500.00,Valid,"04-Jan-2020 12:13 AM"
9SU6SITTAIO0,1500.00,Valid,"04-Jan-2020 12:13 AM"
5WM17MJXLIG4,1500.00,Valid,"04-Jan-2020 12:13 AM"
9L8N65X7HWSO,1500.00,Valid,"04-Jan-2020 12:13 AM"
3YN6EMRAGCG0,1500.00,Valid,"04-Jan-2020 12:13 AM"
IIPOJGG91I0C,1500.00,Valid,"04-Jan-2020 12:13 AM"
O10WH6QIMS0C,1500.00,Valid,"04-Jan-2020 12:13 AM"
48NJ3VF5ZUW4,1500.00,Valid,"04-Jan-2020 12:13 AM"
HC054M0RMBCW,1500.00,Valid,"04-Jan-2020 12:13 AM"
AYP13FORFW8W,1500.00,Valid,"04-Jan-2020 12:13 AM"
7WQO9TNX49OG,1500.00,Valid,"04-Jan-2020 12:13 AM"
4S3AWR94T1GK,1500.00,Valid,"04-Jan-2020 12:13 AM"
D7XA2P8VD6O0,1500.00,Valid,"04-Jan-2020 12:13 AM"
9V3NBBABWZCW,1500.00,Valid,"04-Jan-2020 12:13 AM"
3FNU2FDS3WOW,1500.00,Valid,"04-Jan-2020 12:13 AM"
H42H29VSUHW0,1500.00,Valid,"04-Jan-2020 12:13 AM"
NZSE266JNMSW,1500.00,Valid,"04-Jan-2020 12:13 AM"
HSOPLAA56680,1500.00,Valid,"04-Jan-2020 12:13 AM"
CYHDRYPESD4C,1500.00,Valid,"04-Jan-2020 12:13 AM"
630PV464GQ88,1500.00,Valid,"04-Jan-2020 12:13 AM"
IN2H4EVLM9S0,1500.00,Valid,"04-Jan-2020 12:13 AM"
DXXUVNL7XWGK,1500.00,Valid,"04-Jan-2020 12:13 AM"
9UNX5T3ZOFKS,1500.00,Valid,"04-Jan-2020 12:13 AM"
87J8K04XYL0C,1500.00,Valid,"04-Jan-2020 12:13 AM"
NX3MSJ2GO8GO,1500.00,Valid,"04-Jan-2020 12:13 AM"
6C5D9LM9JP8G,1500.00,Valid,"04-Jan-2020 12:13 AM"
ITFQPMDF0TCK,1500.00,Valid,"04-Jan-2020 12:13 AM"
6KO80YJ1RCKC,1500.00,Valid,"04-Jan-2020 12:13 AM"
JLD35W8IEA04,1500.00,Valid,"04-Jan-2020 12:13 AM"
6ZCDTWGQ2KG0,1500.00,Valid,"04-Jan-2020 12:13 AM"
76MHB1GOHC00,1500.00,Valid,"04-Jan-2020 12:13 AM"
KTXIKLEHEBK4,1500.00,Valid,"04-Jan-2020 12:13 AM"
LCUVMOGI9LSG,1500.00,Valid,"04-Jan-2020 12:13 AM"
S1YBW11PDIS8,1500.00,Valid,"04-Jan-2020 12:13 AM"
JY1FGJMATDCO,1500.00,Valid,"04-Jan-2020 12:13 AM"
R255BP4VW4GK,1500.00,Valid,"04-Jan-2020 12:13 AM"
FBJV9DAGM0OW,1500.00,Valid,"04-Jan-2020 12:13 AM"
6GPSF9MWE1GC,1500.00,Valid,"04-Jan-2020 12:13 AM"
LGXUM4DX29WG,1500.00,Valid,"04-Jan-2020 12:13 AM"
1SH984V96NR4,1500.00,Valid,"04-Jan-2020 12:13 AM"
2FIBGGMR1AM8,1500.00,Valid,"04-Jan-2020 12:13 AM"
PF13RZDWTEOK,1500.00,Valid,"04-Jan-2020 12:13 AM"
141GIYIFW2XW,1500.00,Valid,"04-Jan-2020 12:13 AM"
CDK2CGDN4X4O,1500.00,Valid,"04-Jan-2020 12:13 AM"
KI3OD9ILKTW8,1500.00,Valid,"04-Jan-2020 12:13 AM"
J944UGJUFVKK,1500.00,Valid,"04-Jan-2020 12:13 AM"
B5VT1PNJ2IGW,1500.00,Valid,"04-Jan-2020 12:13 AM"
CHGH0I5MXVS4,1500.00,Valid,"04-Jan-2020 12:13 AM"
495FXTO947QC,1500.00,Valid,"04-Jan-2020 12:13 AM"
RF3IZ8D72684,1500.00,Valid,"04-Jan-2020 12:13 AM"
54GN7IHVK24O,1500.00,Valid,"04-Jan-2020 12:13 AM"
FN7P95TRGHKW,1500.00,Valid,"04-Jan-2020 12:13 AM"
SPJ6GBMNOMSC,1500.00,Valid,"04-Jan-2020 12:13 AM"
M5UR6Q4OR4GC,1500.00,Valid,"04-Jan-2020 12:13 AM"
2K8ALVH4NPS0,1500.00,Valid,"04-Jan-2020 12:13 AM"
FDGHZTNMK9C8,1500.00,Valid,"04-Jan-2020 12:13 AM"
GVK4LOXAZJ4G,1500.00,Valid,"04-Jan-2020 12:13 AM"
J5M9904RVJKS,1500.00,Valid,"04-Jan-2020 12:13 AM"
BG7RS9ML8M8K,1500.00,Valid,"04-Jan-2020 12:13 AM"
3TSET4I7G1ES,1500.00,Valid,"04-Jan-2020 12:13 AM"
3PS483FBS6CK,1500.00,Valid,"04-Jan-2020 12:13 AM"
PP6TQNPKDF4S,1500.00,Valid,"04-Jan-2020 12:13 AM"
KJ3QYIWA2QOK,1500.00,Valid,"04-Jan-2020 12:13 AM"
3ZTLWJLI9HK4,1500.00,Valid,"04-Jan-2020 12:13 AM"
73M9SV1WCZOK,1500.00,Valid,"04-Jan-2020 12:13 AM"
CL3I78KR1EOK,1500.00,Valid,"04-Jan-2020 12:13 AM"
N8MCBNSXFXCK,1500.00,Valid,"04-Jan-2020 12:13 AM"
GSQEI99D6Q88,1500.00,Valid,"04-Jan-2020 12:13 AM"
911OG74MJ1GK,1500.00,Valid,"04-Jan-2020 12:13 AM"
M4W8LEMI81WG,1500.00,Valid,"04-Jan-2020 12:13 AM"
9NOLN57YIIGW,1500.00,Valid,"04-Jan-2020 12:13 AM"
JPICXQCVEPSW,1500.00,Valid,"04-Jan-2020 12:13 AM"
GZALAV4OVZ4K,1500.00,Valid,"04-Jan-2020 12:13 AM"
11BIOFTWDIO0,1500.00,Valid,"04-Jan-2020 12:13 AM"
RMRB54UC52S8,1500.00,Valid,"04-Jan-2020 12:13 AM"
BM4NL205YSGG,1500.00,Valid,"04-Jan-2020 12:13 AM"
921YHVQ5G000,1500.00,Valid,"04-Jan-2020 12:13 AM"
GKB5XG7YVQ8G,1500.00,Valid,"04-Jan-2020 12:13 AM"
JF087X5MN74S,1500.00,Valid,"04-Jan-2020 12:13 AM"
QKTV8KXLTRKS,1500.00,Valid,"04-Jan-2020 12:13 AM"
GX3B7S9JWO0K,1500.00,Valid,"04-Jan-2020 12:13 AM"
P8ZYZAF225WC,1500.00,Valid,"04-Jan-2020 12:13 AM"
PWWISF67KOGS,1500.00,Valid,"04-Jan-2020 12:13 AM"
J0ZCYFO5NW8W,1500.00,Valid,"04-Jan-2020 12:13 AM"
BHTW5MPB2A04,1500.00,Valid,"04-Jan-2020 12:13 AM"
99Z6WY56JDOG,1500.00,Valid,"04-Jan-2020 12:13 AM"
MZKT7IHUO000,1500.00,Valid,"04-Jan-2020 12:13 AM"
9VB2FY3Y528K,1500.00,Valid,"04-Jan-2020 12:13 AM"
E8A6BOJZW34S,1500.00,Valid,"04-Jan-2020 12:13 AM"
90TVEGHR6FC4,1500.00,Valid,"04-Jan-2020 12:13 AM"
OT9NFOZUI2O0,1500.00,Valid,"04-Jan-2020 12:13 AM"
BYRU85LRWB48,1500.00,Valid,"04-Jan-2020 12:13 AM"
8ADYYCVQR808,1500.00,Valid,"04-Jan-2020 12:13 AM"
KOTJF4IHYTC0,1500.00,Valid,"04-Jan-2020 12:13 AM"
R2YLZ5XOTHCW,1500.00,Valid,"04-Jan-2020 12:13 AM"
C2D793CA47WW,1500.00,Valid,"04-Jan-2020 12:13 AM"
92T3XKVKWEO8,1500.00,Valid,"04-Jan-2020 12:13 AM"
3K5PH9AV6V40,1500.00,Valid,"04-Jan-2020 12:13 AM"
5MFJQAQ0HX0C,1500.00,Valid,"04-Jan-2020 12:13 AM"
L82KBOBMOF4G,1500.00,Valid,"04-Jan-2020 12:13 AM"
L55W0YVJ5J44,1500.00,Valid,"04-Jan-2020 12:13 AM"
QXWERFP5OIOK,1500.00,Valid,"04-Jan-2020 12:13 AM"
94PI4IFJ19GK,1500.00,Valid,"04-Jan-2020 12:13 AM"
J96I7EB9NW8W,1500.00,Valid,"04-Jan-2020 12:13 AM"
4UD3YAVPG5US,1500.00,Valid,"04-Jan-2020 12:13 AM"
43V6BE9HAK4K,1500.00,Valid,"04-Jan-2020 12:13 AM"
OZLKGDINKZ4S,1500.00,Valid,"04-Jan-2020 12:13 AM"
4N27I0N7O16O,1500.00,Valid,"04-Jan-2020 12:13 AM"
FHPIDLOFH7CC,1500.00,Valid,"04-Jan-2020 12:13 AM"
KJAYZAPBCOGS,1500.00,Valid,"04-Jan-2020 12:13 AM"
83QRXI9C9S00,1500.00,Valid,"04-Jan-2020 12:13 AM"
4YQXY46YN2SC,1500.00,Valid,"04-Jan-2020 12:13 AM"
P5URXZNRBM88,1500.00,Valid,"04-Jan-2020 12:13 AM"
2LP8DIQPFRSW,1500.00,Valid,"04-Jan-2020 12:13 AM"
GBQ9P3XC1FK0,1500.00,Valid,"04-Jan-2020 12:13 AM"
P9CHEIB6TZKC,1500.00,Valid,"04-Jan-2020 12:13 AM"
H004N68CA8G8,1500.00,Valid,"04-Jan-2020 12:13 AM"
AETJJU18GMOS,1500.00,Valid,"04-Jan-2020 12:13 AM"
48XTISLQ0KE8,1500.00,Valid,"04-Jan-2020 12:13 AM"
CFRJO7M519CK,1500.00,Valid,"04-Jan-2020 12:13 AM"
G00CYKLQ3BK8,1500.00,Valid,"04-Jan-2020 12:13 AM"
MZS91ZOWNPC0,1500.00,Valid,"04-Jan-2020 12:13 AM"
OIQ1ESE1HDWG,1500.00,Valid,"04-Jan-2020 12:13 AM"
TLIIOT90SAOW,1500.00,Valid,"04-Jan-2020 12:13 AM"
ASLT14TFK0OC,1500.00,Valid,"04-Jan-2020 12:13 AM"
M4NUCX6CGCGW,1500.00,Valid,"04-Jan-2020 12:13 AM"
31FYPETWB2O0,1500.00,Valid,"04-Jan-2020 12:13 AM"
SAH8SXKZ45WO,1500.00,Valid,"04-Jan-2020 12:13 AM"
T9GHE4EMU8G8,1500.00,Valid,"04-Jan-2020 12:13 AM"
N78ZB4V5HZ44,1500.00,Valid,"04-Jan-2020 12:13 AM"
QIPNHHEDUFKC,1500.00,Valid,"04-Jan-2020 12:13 AM"
FADIB91T9NKG,1500.00,Valid,"04-Jan-2020 12:13 AM"
S7ZRGCJ2PM8O,1500.00,Valid,"04-Jan-2020 12:13 AM"
4WE764YHMH0K,1500.00,Valid,"04-Jan-2020 12:13 AM"
4E2WE7IW2VWG,1500.00,Valid,"04-Jan-2020 12:13 AM"
36Q3X8ALSKU8,1500.00,Valid,"04-Jan-2020 12:13 AM"
GC79D70JF54O,1500.00,Valid,"04-Jan-2020 12:13 AM"
NNS1V8W6R00O,1500.00,Valid,"04-Jan-2020 12:13 AM"
CPVSAS7YAHC8,1500.00,Valid,"04-Jan-2020 12:13 AM"
D1L47PPCPY8G,1500.00,Valid,"04-Jan-2020 12:13 AM"
B90NF32Q3TC8,1500.00,Valid,"04-Jan-2020 12:13 AM"
LQ6UUSBZ3I80,1500.00,Valid,"04-Jan-2020 12:13 AM"
8HIB7463DS4K,1500.00,Valid,"04-Jan-2020 12:13 AM"
TO7807T83OGG,1500.00,Valid,"04-Jan-2020 12:13 AM"
2E5JHCXKZJR4,1500.00,Valid,"04-Jan-2020 12:13 AM"
9CZO2D7IYWOW,1500.00,Valid,"04-Jan-2020 12:13 AM"
36CYF74WGK84,1500.00,Valid,"04-Jan-2020 12:13 AM"
5R77PBT2PKG8,1500.00,Valid,"04-Jan-2020 12:13 AM"
5R46KQ9EWAGW,1500.00,Valid,"04-Jan-2020 12:13 AM"
69M9QR18ZJGO,1500.00,Valid,"04-Jan-2020 12:13 AM"
6XM52TVSJEW4,1500.00,Valid,"04-Jan-2020 12:13 AM"
AZCXN2VFUFK8,1500.00,Valid,"04-Jan-2020 12:13 AM"
9VIKMUFKOXS0,1500.00,Valid,"04-Jan-2020 12:13 AM"
BLQMRLJG468G,1500.00,Valid,"04-Jan-2020 12:13 AM"
4OXGZE7ICE0W,1500.00,Valid,"04-Jan-2020 12:13 AM"
34KE76BP1AO0,1500.00,Valid,"04-Jan-2020 12:13 AM"
17SE6SXBOT1C,1500.00,Valid,"04-Jan-2020 12:13 AM"
5791XP2D8680,1500.00,Valid,"04-Jan-2020 12:13 AM"
E9O6AA360W84,1500.00,Valid,"04-Jan-2020 12:13 AM"
QZKTET2SLEOK,1500.00,Valid,"04-Jan-2020 12:13 AM"
GTZ8KDHRA3W4,1500.00,Valid,"04-Jan-2020 12:13 AM"
17OZO1LD7SU8,1500.00,Valid,"04-Jan-2020 12:13 AM"
KMKQRZZNW2OG,1500.00,Valid,"04-Jan-2020 12:13 AM"
ABGVYQPEBMOK,1500.00,Valid,"04-Jan-2020 12:13 AM"
MD56DZTV7S0G,1500.00,Valid,"04-Jan-2020 12:13 AM"
16W5M0RRCO00,1500.00,Valid,"04-Jan-2020 12:13 AM"
17E2RK7DACG0,1500.00,Valid,"04-Jan-2020 12:13 AM"
DG39U0CPM74G,1500.00,Valid,"04-Jan-2020 12:13 AM"
ARJORLOFKTKO,1500.00,Valid,"04-Jan-2020 12:13 AM"
DPQPCS8C3LWK,1500.00,Valid,"04-Jan-2020 12:13 AM"
FJJKKNA3TE04,1500.00,Valid,"04-Jan-2020 12:13 AM"
M5P497JR8S0O,1500.00,Valid,"04-Jan-2020 12:13 AM"
QMFAA49JOAOW,1500.00,Valid,"04-Jan-2020 12:13 AM"
5FPKI1W5930G,1500.00,Valid,"04-Jan-2020 12:13 AM"
3APTIB69A5US,1500.00,Valid,"04-Jan-2020 12:13 AM"
SR6529XP7LWG,1500.00,Valid,"04-Jan-2020 12:13 AM"
6PIKFAR4XCSG,1500.00,Valid,"04-Jan-2020 12:13 AM"
HAN8APOXGGOC,1500.00,Valid,"04-Jan-2020 12:13 AM"
NBP9WHIQ9DCS,1500.00,Valid,"04-Jan-2020 12:13 AM"
47T0YHESKKYS,1500.00,Valid,"04-Jan-2020 12:13 AM"
B8C6EBG5CUO8,1500.00,Valid,"04-Jan-2020 12:13 AM"
AQJNGAOEZLKW,1500.00,Valid,"04-Jan-2020 12:13 AM"
8O1ZZ0WDBM04,1500.00,Valid,"04-Jan-2020 12:13 AM"
2RWD4X9DQRS4,1500.00,Valid,"04-Jan-2020 12:13 AM"
GTWT0E12YU0C,1500.00,Valid,"04-Jan-2020 12:13 AM"
FIF9SVY61A0W,1500.00,Valid,"04-Jan-2020 12:13 AM"
8MWJ5J3N26G4,1500.00,Valid,"04-Jan-2020 12:13 AM"
88A0U8WL3R40,1500.00,Valid,"04-Jan-2020 12:13 AM"
45CBSQTDFZK0,1500.00,Valid,"04-Jan-2020 12:13 AM"
GHHJ1IWE9S84,1500.00,Valid,"04-Jan-2020 12:13 AM"
R6H8AG45T6SK,1500.00,Valid,"04-Jan-2020 12:13 AM"
M108W2NDLG0C,1500.00,Valid,"04-Jan-2020 12:13 AM"
NP5OTCUV8U80,1500.00,Valid,"04-Jan-2020 12:13 AM"
LIYM7BH85OG4,1500.00,Valid,"04-Jan-2020 12:13 AM"
LC03OZIW3V48,1500.00,Valid,"04-Jan-2020 12:13 AM"
AR8G8KFRIZKK,1500.00,Valid,"04-Jan-2020 12:13 AM"
5CTWI93XBBWG,1500.00,Valid,"04-Jan-2020 12:13 AM"
E7UV5A6YEV40,1500.00,Valid,"04-Jan-2020 12:13 AM"
GM95P1VD9JK8,1500.00,Valid,"04-Jan-2020 12:13 AM"
TCMZQC709WGG,1500.00,Valid,"04-Jan-2020 12:13 AM"
THG6AGCFR9WO,1500.00,Valid,"04-Jan-2020 12:13 AM"
R1HF33G1GTWC,1500.00,Valid,"04-Jan-2020 12:13 AM"
D5QOMPSDYTWS,1500.00,Valid,"04-Jan-2020 12:13 AM"
RJ5TUZMEM74K,1500.00,Valid,"04-Jan-2020 12:13 AM"
OH147X5X3E8S,1500.00,Valid,"04-Jan-2020 12:13 AM"
DJ6HPLS3YLCG,1500.00,Valid,"04-Jan-2020 12:13 AM"
QW3949R05ES4,1500.00,Valid,"04-Jan-2020 12:13 AM"
SH9G08VXPO0O,1500.00,Valid,"04-Jan-2020 12:13 AM"
D244V246DQG4,1500.00,Valid,"04-Jan-2020 12:13 AM"
T9EQAIJYCW04,1500.00,Valid,"04-Jan-2020 12:13 AM"
FFMLQLC8G9KC,1500.00,Valid,"04-Jan-2020 12:13 AM"
MYZZ3OEQOSG0,1500.00,Valid,"04-Jan-2020 12:13 AM"
NXSF2M83FW0O,1500.00,Valid,"04-Jan-2020 12:13 AM"
LCN5QFILV34G,1500.00,Valid,"04-Jan-2020 12:13 AM"
4W36L6NU9LS0,1500.00,Valid,"04-Jan-2020 12:13 AM"
CHDDFDQUP3SC,1500.00,Valid,"04-Jan-2020 12:13 AM"
5ULQBN69KNOC,1500.00,Valid,"04-Jan-2020 12:13 AM"
L8LMTUXOPPCG,1500.00,Valid,"04-Jan-2020 12:13 AM"
MOYR650ZT5CC,1500.00,Valid,"04-Jan-2020 12:13 AM"
2NBKLIQD5U80,1500.00,Valid,"04-Jan-2020 12:13 AM"
JOPEYLGEA54C,1500.00,Valid,"04-Jan-2020 12:13 AM"
MWBTUBDWXOG0,1500.00,Valid,"04-Jan-2020 12:13 AM"
S13Y64PDMIOW,1500.00,Valid,"04-Jan-2020 12:13 AM"
47961YYAGH8G,1500.00,Valid,"04-Jan-2020 12:13 AM"
Q83M98IHQKG4,1500.00,Valid,"04-Jan-2020 12:13 AM"
LQOZGWGQXLSG,1500.00,Valid,"04-Jan-2020 12:13 AM"
QSORTN8EDF4S,1500.00,Valid,"04-Jan-2020 12:13 AM"
NH20YOM1MDWS,1500.00,Valid,"04-Jan-2020 12:13 AM"
I0XQ48QLUS08,1500.00,Valid,"04-Jan-2020 12:13 AM"
ENINKR3CRXSS,1500.00,Valid,"04-Jan-2020 12:13 AM"
LJYJLJYXM680,1500.00,Valid,"04-Jan-2020 12:13 AM"
57K4CQXUUXKW,1500.00,Valid,"04-Jan-2020 12:13 AM"
4Z9B460RLN48,1500.00,Valid,"04-Jan-2020 12:13 AM"
2DK71Z4WF9A8,1500.00,Valid,"04-Jan-2020 12:13 AM"
7C49XQENYJS4,1500.00,Valid,"04-Jan-2020 12:13 AM"
NV4HJ5R8CU80,1500.00,Valid,"04-Jan-2020 12:13 AM"
DDJI7SBO5U88,1500.00,Valid,"04-Jan-2020 12:13 AM"
S4DV6YQWNW0S,1500.00,Valid,"04-Jan-2020 12:13 AM"
D9J4FE80048C,1500.00,Valid,"04-Jan-2020 12:13 AM"
6Z73FNHV4JWO,1500.00,Valid,"04-Jan-2020 12:13 AM"
HWN383HZIRCW,1500.00,Valid,"04-Jan-2020 12:13 AM"
F3YBXSSY76GC,1500.00,Valid,"04-Jan-2020 12:13 AM"
68M6NSZ9OWW0,1500.00,Valid,"04-Jan-2020 12:13 AM"
RITIXHI21J44,1500.00,Valid,"04-Jan-2020 12:13 AM"
PA1NLZIRRY8W,1500.00,Valid,"04-Jan-2020 12:13 AM"
QQ73L5KHK5C4,1500.00,Valid,"04-Jan-2020 12:13 AM"
D85E0NF06JSO,1500.00,Valid,"04-Jan-2020 12:13 AM"
QBZ3MO91DDWK,1500.00,Valid,"04-Jan-2020 12:13 AM"
454WPK5BK544,1500.00,Valid,"04-Jan-2020 12:13 AM"
2V5NVJKPHIYO,1500.00,Valid,"04-Jan-2020 12:13 AM"
6SFFI1HNGC0S,1500.00,Valid,"04-Jan-2020 12:13 AM"
M2QW6KWKEXC8,1500.00,Valid,"04-Jan-2020 12:13 AM"
6NVHHH6F2OCO,1500.00,Valid,"04-Jan-2020 12:13 AM"
OEQU20R10IS4,1500.00,Valid,"04-Jan-2020 12:13 AM"
DV7BB7UC4Q0O,1500.00,Valid,"04-Jan-2020 12:13 AM"
G1NV1322SXS0,1500.00,Valid,"04-Jan-2020 12:13 AM"
E0OH6MCFFY0W,1500.00,Valid,"04-Jan-2020 12:13 AM"
PG99C2R6D6O4,1500.00,Valid,"04-Jan-2020 12:13 AM"
AGD2MW26THC0,1500.00,Valid,"04-Jan-2020 12:13 AM"
FP1JUUJ1GK8C,1500.00,Valid,"04-Jan-2020 12:13 AM"
TN38GG0GCDW8,1500.00,Valid,"04-Jan-2020 12:13 AM"
JLS3DPA3DC84,1500.00,Valid,"04-Jan-2020 12:13 AM"
L5P3JUT009SK,1500.00,Valid,"04-Jan-2020 12:13 AM"
3AX918JCINK0,1500.00,Valid,"04-Jan-2020 12:13 AM"
13MISOWO6QV4,1500.00,Valid,"04-Jan-2020 12:13 AM"
BXQ7PX79OXKW,1500.00,Valid,"04-Jan-2020 12:13 AM"
MS0SO74B20GS,1500.00,Valid,"04-Jan-2020 12:13 AM"
NCX14LF4JPCW,1500.00,Valid,"04-Jan-2020 12:13 AM"
MMZFI8CAK68G,1500.00,Valid,"04-Jan-2020 12:13 AM"
IYCFOJCX6I0O,1500.00,Valid,"04-Jan-2020 12:13 AM"
4OW4JNLMLK4K,1500.00,Valid,"04-Jan-2020 12:13 AM"
OT5TSXEDAG0G,1500.00,Valid,"04-Jan-2020 12:13 AM"
EUPC5ZTT61W0,1500.00,Valid,"04-Jan-2020 12:13 AM"
MH0NZ43P1Y8G,1500.00,Valid,"04-Jan-2020 12:13 AM"
CWYC8UETAY0O,1500.00,Valid,"04-Jan-2020 12:13 AM"
J2UOVBXB0L4W,1500.00,Valid,"04-Jan-2020 12:13 AM"
R66CFQFHOASG,1500.00,Valid,"04-Jan-2020 12:13 AM"
C9XEAAKXZC0K,1500.00,Valid,"04-Jan-2020 12:13 AM"
AJ99KLNE3A0C,1500.00,Valid,"04-Jan-2020 12:13 AM"
H8YXQ334AK0S,1500.00,Valid,"04-Jan-2020 12:13 AM"
3VL0LWC75DK4,1500.00,Valid,"04-Jan-2020 12:13 AM"
FNGOM7BSV74S,1500.00,Valid,"04-Jan-2020 12:13 AM"
6IVQ8N0RIT4W,1500.00,Valid,"04-Jan-2020 12:13 AM"
5R0XX4WZ7YG4,1500.00,Valid,"04-Jan-2020 12:13 AM"
RPUIEDZ6W5WO,1500.00,Valid,"04-Jan-2020 12:13 AM"
P67WWGW6LXWS,1500.00,Valid,"04-Jan-2020 12:13 AM"
IMLLCJ08BS0G,1500.00,Valid,"04-Jan-2020 12:13 AM"
PCJ4JD28R34G,1500.00,Valid,"04-Jan-2020 12:13 AM"
AX2YOSK1E7KS,1500.00,Valid,"04-Jan-2020 12:13 AM"
TWALHBY9QFK8,1500.00,Valid,"04-Jan-2020 12:13 AM"
S3F8ILGPBYSO,1500.00,Valid,"04-Jan-2020 12:13 AM"
KMJ4JPX2GJ4O,1500.00,Valid,"04-Jan-2020 12:13 AM"
R03XTGFWI9WK,1500.00,Valid,"04-Jan-2020 12:13 AM"
DVW91DUIX748,1500.00,Valid,"04-Jan-2020 12:13 AM"
KSMK0BUYI680,1500.00,Valid,"04-Jan-2020 12:13 AM"
E7K71KTHEZ48,1500.00,Valid,"04-Jan-2020 12:13 AM"
MFIXEO54OSG0,1500.00,Valid,"04-Jan-2020 12:13 AM"
F53Y3HFXZHW8,1500.00,Valid,"04-Jan-2020 12:13 AM"
JP8PNXGPWNK8,1500.00,Valid,"04-Jan-2020 12:13 AM"
TVV1IH91XNKG,1500.00,Valid,"04-Jan-2020 12:13 AM"
5JDXZ0Y2MVGO,1500.00,Valid,"04-Jan-2020 12:13 AM"
HHZGQ2YS1RCO,1500.00,Valid,"04-Jan-2020 12:13 AM"
BNU7KFEM7NK0,1500.00,Valid,"04-Jan-2020 12:13 AM"
9N0HPSLBVH8G,1500.00,Valid,"04-Jan-2020 12:13 AM"
RHAPX0A25A84,1500.00,Valid,"04-Jan-2020 12:13 AM"
JB0PG9L7PBWC,1500.00,Valid,"04-Jan-2020 12:13 AM"
JJCCULXK43S4,1500.00,Valid,"04-Jan-2020 12:13 AM"
SQA7BWUB6J4C,1500.00,Valid,"04-Jan-2020 12:13 AM"
Q205WFYAGYOK,1500.00,Valid,"04-Jan-2020 12:13 AM"
63OP73ZWLP8G,1500.00,Valid,"04-Jan-2020 12:13 AM"
4KPGRE6THXYC,1500.00,Valid,"04-Jan-2020 12:13 AM"
LTHX2PEFXPSS,1500.00,Valid,"04-Jan-2020 12:13 AM"
SQ9FRJLQCPW4,1500.00,Valid,"04-Jan-2020 12:13 AM"
DS0JZZWCFBWW,1500.00,Valid,"04-Jan-2020 12:13 AM"
ADUB4UY4IE8K,1500.00,Valid,"04-Jan-2020 12:13 AM"
PU0IHPRW1USW,1500.00,Valid,"04-Jan-2020 12:13 AM"
7ZIY9EHHO2CC,1500.00,Valid,"04-Jan-2020 12:13 AM"
9TAAG8JHVJKS,1500.00,Valid,"04-Jan-2020 12:13 AM"
FEDPW0EL1G8C,1500.00,Valid,"04-Jan-2020 12:13 AM"
9IG46SD7710C,1500.00,Valid,"04-Jan-2020 12:13 AM"
8US3IZ7TU58G,1500.00,Valid,"04-Jan-2020 12:13 AM"
IVGP6P269COC,1500.00,Valid,"04-Jan-2020 12:13 AM"
EKO94S2DVQ8K,1500.00,Valid,"04-Jan-2020 12:13 AM"
B0EU7FUKN8WS,1500.00,Valid,"04-Jan-2020 12:13 AM"
AP9XOZP273CO,1500.00,Valid,"04-Jan-2020 12:13 AM"
43K5YC8K6XYC,1500.00,Valid,"04-Jan-2020 12:13 AM"
2WQLV2ODVHUS,1500.00,Valid,"04-Jan-2020 12:13 AM"
N700LVQIMHWW,1500.00,Valid,"04-Jan-2020 12:13 AM"
8UUDKDI9NMSK,1500.00,Valid,"04-Jan-2020 12:13 AM"
IQ2VXHDDKOGS,1500.00,Valid,"04-Jan-2020 12:13 AM"
MDXJ9Y8JABK0,1500.00,Valid,"04-Jan-2020 12:13 AM"
NRBF8X6HQMO8,1500.00,Valid,"04-Jan-2020 12:13 AM"
MMSWBJD3PESW,1500.00,Valid,"04-Jan-2020 12:13 AM"
JX514KVZPRKO,1500.00,Valid,"04-Jan-2020 12:13 AM"
A237SWB466G4,1500.00,Valid,"04-Jan-2020 12:13 AM"
2ZPHT8JX7DS0,1500.00,Valid,"04-Jan-2020 12:13 AM"
43TKCJ2YKVWG,1500.00,Valid,"04-Jan-2020 12:13 AM"
45F53QRSFWAO,1500.00,Valid,"04-Jan-2020 12:13 AM"
4T0127S5918G,1500.00,Valid,"04-Jan-2020 12:13 AM"
KO8SGXWCRPWO,1500.00,Valid,"04-Jan-2020 12:13 AM"
HGY5ESCSA74G,1500.00,Valid,"04-Jan-2020 12:13 AM"
5CUATT9ADBKS,1500.00,Valid,"04-Jan-2020 12:13 AM"
NG86TXR5G74W,1500.00,Valid,"04-Jan-2020 12:13 AM"
1XK3SQDCM5C0,1500.00,Valid,"04-Jan-2020 12:13 AM"
JCZ5EZNH960O,1500.00,Valid,"04-Jan-2020 12:13 AM"
2HEW8HJ9X4SG,1500.00,Valid,"04-Jan-2020 12:13 AM"
GM5HZRYK7UGW,1500.00,Valid,"04-Jan-2020 12:13 AM"
PY5570DNYTWS,1500.00,Valid,"04-Jan-2020 12:13 AM"
8C36CNDIOFOC,1500.00,Valid,"04-Jan-2020 12:13 AM"
IFRKVKJVPPSS,1500.00,Valid,"04-Jan-2020 12:13 AM"
D11Y72IMQR4S,1500.00,Valid,"04-Jan-2020 12:13 AM"
6OZFGAEU3N4S,1500.00,Valid,"04-Jan-2020 12:13 AM"
3JD5VT13U2W4,1500.00,Valid,"04-Jan-2020 12:13 AM"
J62J8IF3EQGC,1500.00,Valid,"04-Jan-2020 12:13 AM"
MM37QYSD2J48,1500.00,Valid,"04-Jan-2020 12:13 AM"
16MHVEF98C74,1500.00,Valid,"04-Jan-2020 12:13 AM"
EN5J0HVXVJWC,1500.00,Valid,"04-Jan-2020 12:13 AM"
2LMXCN55HR6S,1500.00,Valid,"04-Jan-2020 12:13 AM"
MNO9JARZNUSK,1500.00,Valid,"04-Jan-2020 12:13 AM"
RZ9PI69OAJ4C,1500.00,Valid,"04-Jan-2020 12:13 AM"
1S3DDW7T0LGK,1500.00,Valid,"04-Jan-2020 12:13 AM"
3R5WBYYYVIWW,1500.00,Valid,"04-Jan-2020 12:13 AM"
3JE3CBSUUQSK,1500.00,Valid,"04-Jan-2020 12:13 AM"
NASNIEXNUA88,1500.00,Valid,"04-Jan-2020 12:13 AM"
KTMIBTDVCK0C,1500.00,Valid,"04-Jan-2020 12:13 AM"
5AQL8QOVOYGW,1500.00,Valid,"04-Jan-2020 12:13 AM"
OWBWU6Y4UI8S,1500.00,Valid,"04-Jan-2020 12:13 AM"
QPUAPZV425CK,1500.00,Valid,"04-Jan-2020 12:13 AM"
4M3RA9WKSH6O,1500.00,Valid,"04-Jan-2020 12:13 AM"
DEFGE3LNZBSC,1500.00,Valid,"04-Jan-2020 12:13 AM"
APPB5Q08FWO4,1500.00,Valid,"04-Jan-2020 12:13 AM"
F4YRTJ8XAVWW,1500.00,Valid,"04-Jan-2020 12:13 AM"
BCQT2D1R80OC,1500.00,Valid,"04-Jan-2020 12:13 AM"
7DE4QXHUNA0W,1500.00,Valid,"04-Jan-2020 12:13 AM"
GMV8LPCFUHSK,1500.00,Valid,"04-Jan-2020 12:13 AM"
DTZC52GN53WW,1500.00,Valid,"04-Jan-2020 12:13 AM"
GQ46CJCB7Q8K,1500.00,Valid,"04-Jan-2020 12:13 AM"
TL6BP2FZWAOW,1500.00,Valid,"04-Jan-2020 12:13 AM"
BSOQ34KYLA0W,1500.00,Valid,"04-Jan-2020 12:13 AM"
E2911VBETRKS,1500.00,Valid,"04-Jan-2020 12:13 AM"
L5MIQUGQG8GO,1500.00,Valid,"04-Jan-2020 12:13 AM"
O9NBMK029MSG,1500.00,Valid,"04-Jan-2020 12:13 AM"
GJ6LYHMUN08W,1500.00,Valid,"04-Jan-2020 12:13 AM"
ES40QG9VUM0W,1500.00,Valid,"04-Jan-2020 12:13 AM"
N8YIPRK9W5C0,1500.00,Valid,"04-Jan-2020 12:13 AM"
8E6G5FN581GC,1500.00,Valid,"04-Jan-2020 12:13 AM"
88C87NJN0O00,1500.00,Valid,"04-Jan-2020 12:13 AM"
4PP84ERV6JCW,1500.00,Valid,"04-Jan-2020 12:13 AM"
N9Y0XJN0XMSG,1500.00,Valid,"04-Jan-2020 12:13 AM"
O9OHVRM1M4G4,1500.00,Valid,"04-Jan-2020 12:13 AM"
L85653669HWS,1500.00,Valid,"04-Jan-2020 12:13 AM"
6DGQPZTIK000,1500.00,Valid,"04-Jan-2020 12:13 AM"
NGNMWLXUMA8C,1500.00,Valid,"04-Jan-2020 12:13 AM"
KH35S1USD344,1500.00,Valid,"04-Jan-2020 12:13 AM"
PGKSHHVM5HCW,1500.00,Valid,"04-Jan-2020 12:13 AM"
FHGXA4A1VLCS,1500.00,Valid,"04-Jan-2020 12:13 AM"
AH0I7QYBA8WG,1500.00,Valid,"04-Jan-2020 12:13 AM"
G396PUAPQRCW,1500.00,Valid,"04-Jan-2020 12:13 AM"
L56TP3VSMHW4,1500.00,Valid,"04-Jan-2020 12:13 AM"
S4PYI2EJDE88,1500.00,Valid,"04-Jan-2020 12:13 AM"
O8KS5P1HT008,1500.00,Valid,"04-Jan-2020 12:13 AM"
4HWD89LINZQC,1500.00,Valid,"04-Jan-2020 12:13 AM"
FI5D5TXXWOGS,1500.00,Valid,"04-Jan-2020 12:13 AM"
KDB9HOGP5CGC,1500.00,Valid,"04-Jan-2020 12:13 AM"
ROLA82J3KVKS,1500.00,Valid,"04-Jan-2020 12:13 AM"
P6NM0LJPR6SW,1500.00,Valid,"04-Jan-2020 12:13 AM"
21BB6ZSV5NPC,1500.00,Valid,"04-Jan-2020 12:13 AM"
NFPOLKO4TLCC,1500.00,Valid,"04-Jan-2020 12:13 AM"
2JZPSU668NUO,1500.00,Valid,"04-Jan-2020 12:13 AM"
LDEGT5RDTNKK,1500.00,Valid,"04-Jan-2020 12:13 AM"
H62KL3NV8NSC,1500.00,Valid,"04-Jan-2020 12:13 AM"
OYM6ZJSD6ZKG,1500.00,Valid,"04-Jan-2020 12:13 AM"
2KB9DUT8C3WG,1500.00,Valid,"04-Jan-2020 12:13 AM"
69YQ7IF9BRGO,1500.00,Valid,"04-Jan-2020 12:13 AM"
DW6J9EEJ8AGW,1500.00,Valid,"04-Jan-2020 12:13 AM"
LJKJPI7B7HW8,1500.00,Valid,"04-Jan-2020 12:13 AM"
NPZ09GFYBG0S,1500.00,Valid,"04-Jan-2020 12:13 AM"
FLFNL2GBAW0K,1500.00,Valid,"04-Jan-2020 12:13 AM"
7QP12R7AHBC4,1500.00,Valid,"04-Jan-2020 12:13 AM"
EOS8EF476Y8S,1500.00,Valid,"04-Jan-2020 12:13 AM"
G5JI0KUQJT44,1500.00,Valid,"04-Jan-2020 12:13 AM"
GSSPSZPT3GG0,1500.00,Valid,"04-Jan-2020 12:13 AM"
2ITZBVO5MZAC,1500.00,Valid,"04-Jan-2020 12:13 AM"
NLPNXBYM2M8W,1500.00,Valid,"04-Jan-2020 12:13 AM"
4OGF87NQBSAO,1500.00,Valid,"04-Jan-2020 12:13 AM"
87YG6150E7WG,1500.00,Valid,"04-Jan-2020 12:13 AM"
8YRTO9GGCWKC,1500.00,Valid,"04-Jan-2020 12:13 AM"
T296BCCJSM8G,1500.00,Valid,"04-Jan-2020 12:13 AM"
SF946XDZXQSS,1500.00,Valid,"04-Jan-2020 12:13 AM"
D3F9WG1Q2HSG,1500.00,Valid,"04-Jan-2020 12:13 AM"
I14R7O3VIOOC,1500.00,Valid,"04-Jan-2020 12:13 AM"
7PKRT7FIW1CS,1500.00,Valid,"04-Jan-2020 12:13 AM"
MYP7KAVJIDC4,1500.00,Valid,"04-Jan-2020 12:13 AM"
Q0D6K0C4YF4W,1500.00,Valid,"04-Jan-2020 12:13 AM"
2AC268FFN9XC,1500.00,Valid,"04-Jan-2020 12:13 AM"
6GPWMFTHPRK8,1500.00,Valid,"04-Jan-2020 12:13 AM"
1L60OELDV02S,1500.00,Valid,"04-Jan-2020 12:13 AM"
E5AVNIQA37WO,1500.00,Valid,"04-Jan-2020 12:13 AM"
4KH9S849DVK0,1500.00,Valid,"04-Jan-2020 12:13 AM"
NWQJCZM55C04,1500.00,Valid,"04-Jan-2020 12:13 AM"
36WYPO7Z5EEC,1500.00,Valid,"04-Jan-2020 12:13 AM"
DVARIB1ZOFKS,1500.00,Valid,"04-Jan-2020 12:13 AM"
5NKU80NZD8O4,1500.00,Valid,"04-Jan-2020 12:13 AM"
6P3T3TZKD280,1500.00,Valid,"04-Jan-2020 12:13 AM"
KBVL7LZGQTCW,1500.00,Valid,"04-Jan-2020 12:13 AM"
NX3C71I1DFKW,1500.00,Valid,"04-Jan-2020 12:13 AM"
GAXP23UGGIOK,1500.00,Valid,"04-Jan-2020 12:13 AM"
8725A66P68W0,1500.00,Valid,"04-Jan-2020 12:13 AM"
9FEDDFPEUYGW,1500.00,Valid,"04-Jan-2020 12:13 AM"
PMLB4OFFKHCS,1500.00,Valid,"04-Jan-2020 12:13 AM"
EQ17A8AOR1W8,1500.00,Valid,"04-Jan-2020 12:13 AM"
M20NLI9VZ68C,1500.00,Valid,"04-Jan-2020 12:13 AM"
TNKOYOHOVO0C,1500.00,Valid,"04-Jan-2020 12:13 AM"
Q7V7OP4886SC,1500.00,Valid,"04-Jan-2020 12:13 AM"
TUHSJPAN8U80,1500.00,Valid,"04-Jan-2020 12:13 AM"
M8JWFBZVRK0W,1500.00,Valid,"04-Jan-2020 12:13 AM"
8ED6AQ3SFPK4,1500.00,Valid,"04-Jan-2020 12:13 AM"
MC9X83Y0YYSK,1500.00,Valid,"04-Jan-2020 12:13 AM"
B3N2LGIAI9S0,1500.00,Valid,"04-Jan-2020 12:13 AM"
FWN8FO35K2OG,1500.00,Valid,"04-Jan-2020 12:13 AM"
PMQE600M37K4,1500.00,Valid,"04-Jan-2020 12:13 AM"
FGLJMOYI1DS0,1500.00,Valid,"04-Jan-2020 12:13 AM"
I6RPLP22D5C8,1500.00,Valid,"04-Jan-2020 12:13 AM"
SMZIH1YU6S0C,1500.00,Valid,"04-Jan-2020 12:13 AM"
C6SG83V86KO4,1500.00,Valid,"04-Jan-2020 12:13 AM"
JY2VAI7GG5CW,1500.00,Valid,"04-Jan-2020 12:13 AM"
JAP85S5GTK0G,1500.00,Valid,"04-Jan-2020 12:13 AM"
26333MZ1M43O,1500.00,Valid,"04-Jan-2020 12:13 AM"
8XN6WD3S0S0S,1500.00,Valid,"04-Jan-2020 12:13 AM"
95CQCA5Y0S0S,1500.00,Valid,"04-Jan-2020 12:13 AM"
PN54QFGC6RK4,1500.00,Valid,"04-Jan-2020 12:13 AM"
QG4SA7LAZTWW,1500.00,Valid,"04-Jan-2020 12:13 AM"
TC3RETG4BPWO,1500.00,Valid,"04-Jan-2020 12:13 AM"
61CAIO6SPQCK,1500.00,Valid,"04-Jan-2020 12:13 AM"
GWVCS1IOYLW8,1500.00,Valid,"04-Jan-2020 12:13 AM"
IAJ1A7SXZNWO,1500.00,Valid,"04-Jan-2020 12:13 AM"
1HE1JWAXAOPW,1500.00,Valid,"04-Jan-2020 12:13 AM"
6GQ5LX92ZESK,1500.00,Valid,"04-Jan-2020 12:13 AM"
9F1M4EVAQ60W,1500.00,Valid,"04-Jan-2020 12:13 AM"
OJCTVSPQ56OW,1500.00,Valid,"04-Jan-2020 12:13 AM"
JPTEUN86PSG8,1500.00,Valid,"04-Jan-2020 12:13 AM"
OPN02JJTPTCS,1500.00,Valid,"04-Jan-2020 12:13 AM"
HI7BXSEDPUOG,1500.00,Valid,"04-Jan-2020 12:13 AM"
G7Y8X0BF90GG,1500.00,Valid,"04-Jan-2020 12:13 AM"
33CXM06IAR40,1500.00,Valid,"04-Jan-2020 12:13 AM"
F2Q2Q26UHE04,1500.00,Valid,"04-Jan-2020 12:13 AM"
GMT0OBEAKK8C,1500.00,Valid,"04-Jan-2020 12:13 AM"
HKORZOUV6G0K,1500.00,Valid,"04-Jan-2020 12:13 AM"
KI4ZO8G0NEO0,1500.00,Valid,"04-Jan-2020 12:13 AM"
723X31AAEOOW,1500.00,Valid,"04-Jan-2020 12:13 AM"
RPGH9NW5KFKO,1500.00,Valid,"04-Jan-2020 12:13 AM"
IESLYW1AOAO0,1500.00,Valid,"04-Jan-2020 12:13 AM"
GUSQQFRXP5KC,1500.00,Valid,"04-Jan-2020 12:13 AM"
JKFF6DIAB688,1500.00,Valid,"04-Jan-2020 12:13 AM"
LDGBELYE7DWW,1500.00,Valid,"04-Jan-2020 12:13 AM"
AS6T4X4FTFCW,1500.00,Valid,"04-Jan-2020 12:13 AM"
519Y6QEBQXWK,1500.00,Valid,"04-Jan-2020 12:13 AM"
5IETMXTTH38K,1500.00,Valid,"04-Jan-2020 12:13 AM"
5XEJDHHXPS84,1500.00,Valid,"04-Jan-2020 12:13 AM"
4DS044YF9XMO,1500.00,Valid,"04-Jan-2020 12:13 AM"
J2P28QUOX6O0,1500.00,Valid,"04-Jan-2020 12:13 AM"
S2FDI13AVVKK,1500.00,Valid,"04-Jan-2020 12:13 AM"
1O8PH5JP8PJ4,1500.00,Valid,"04-Jan-2020 12:13 AM"
TR3OYTLPXUOG,1500.00,Valid,"04-Jan-2020 12:13 AM"
NHW39BKPDYOS,1500.00,Valid,"04-Jan-2020 12:13 AM"
HC8NL0JMU5CK,1500.00,Valid,"04-Jan-2020 12:13 AM"
7FR5DJHG58WS,1500.00,Valid,"04-Jan-2020 12:13 AM"
66X4YHJOCAGW,1500.00,Valid,"04-Jan-2020 12:13 AM"
EWQKNVVOPDCS,1500.00,Valid,"04-Jan-2020 12:13 AM"
C32R7E9DFIO8,1500.00,Valid,"04-Jan-2020 12:13 AM"
GSYKCIUI2DS8,1500.00,Valid,"04-Jan-2020 12:13 AM"
T4XDW28X3DCC,1500.00,Valid,"04-Jan-2020 12:13 AM"
SUEJLOE1RTW0,1500.00,Valid,"04-Jan-2020 12:13 AM"
4JRH3OGMC6QS,1500.00,Valid,"04-Jan-2020 12:13 AM"
OVQY7H5PXF4S,1500.00,Valid,"04-Jan-2020 12:13 AM"
7Q2C6PKHV04C,1500.00,Valid,"04-Jan-2020 12:13 AM"
S9IZ27YFMGGS,1500.00,Valid,"04-Jan-2020 12:13 AM"
N9DWL1HGAA88,1500.00,Valid,"04-Jan-2020 12:13 AM"
J07E9UB1HL44,1500.00,Valid,"04-Jan-2020 12:13 AM"
LBQENPTIW408,1500.00,Valid,"04-Jan-2020 12:13 AM"
6D51BNWMV0KK,1500.00,Valid,"04-Jan-2020 12:13 AM"
RSVK688YAJKK,1500.00,Valid,"04-Jan-2020 12:13 AM"
S6ONOWQ5I6SO,1500.00,Valid,"04-Jan-2020 12:13 AM"
F4Q6G9F7HRWC,1500.00,Valid,"04-Jan-2020 12:13 AM"
CCZ2YRDDKXS0,1500.00,Valid,"04-Jan-2020 12:13 AM"
NMQCYGDHKC0O,1500.00,Valid,"04-Jan-2020 12:13 AM"
CD4P8191PUGC,1500.00,Valid,"04-Jan-2020 12:13 AM"
G8LFTHKRBL4O,1500.00,Valid,"04-Jan-2020 12:13 AM"
9ZY8QM7MTHC0,1500.00,Valid,"04-Jan-2020 12:13 AM"
RJW2K10VK9W4,1500.00,Valid,"04-Jan-2020 12:13 AM"
6IK0W54X2KO4,1500.00,Valid,"04-Jan-2020 12:13 AM"
BYLIRK66JOGG,1500.00,Valid,"04-Jan-2020 12:13 AM"
3LZ17LLILW2S,1500.00,Valid,"04-Jan-2020 12:13 AM"
P1RUCY2UYS08,1500.00,Valid,"04-Jan-2020 12:13 AM"
EQBD5GDLMU0C,1500.00,Valid,"04-Jan-2020 12:13 AM"
AQNN8YPXPY8K,1500.00,Valid,"04-Jan-2020 12:13 AM"
IX6PACJ7D40G,1500.00,Valid,"04-Jan-2020 12:13 AM"
F6YCNTCUH9CK,1500.00,Valid,"04-Jan-2020 12:13 AM"
AZU6PY4EB280,1500.00,Valid,"04-Jan-2020 12:13 AM"
EUA5NNI96O84,1500.00,Valid,"04-Jan-2020 12:13 AM"
AEPVT37F2SOO,1500.00,Valid,"04-Jan-2020 12:13 AM"
1DLDCI24TVK0,1500.00,Valid,"04-Jan-2020 12:13 AM"
HTWGIEKQN3WC,1500.00,Valid,"04-Jan-2020 12:13 AM"
A4ICW75LIWGS,1500.00,Valid,"04-Jan-2020 12:13 AM"
MTVCRNE6FKGC,1500.00,Valid,"04-Jan-2020 12:13 AM"
I7F3I9Z6XX4W,1500.00,Valid,"04-Jan-2020 12:13 AM"
KH5XK15N1TCS,1500.00,Valid,"04-Jan-2020 12:13 AM"
5LL6KFJZCW4K,1500.00,Valid,"04-Jan-2020 12:13 AM"
KN4ALX8GT6O4,1500.00,Valid,"04-Jan-2020 12:13 AM"
EGMW9VNHRKG8,1500.00,Valid,"04-Jan-2020 12:13 AM"
M518T55D53K8,1500.00,Valid,"04-Jan-2020 12:13 AM"
RBI7OAQ411WO,1500.00,Valid,"04-Jan-2020 12:13 AM"
3BFSHF2UAN6S,1500.00,Valid,"04-Jan-2020 12:13 AM"
JC4HOWM9FV48,1500.00,Valid,"04-Jan-2020 12:13 AM"
OCLEGVYSILW8,1500.00,Valid,"04-Jan-2020 12:13 AM"
VDM6HUOC5C00,1500.00,Valid,"04-Jan-2020 12:13 AM"
C1H49IS4TPCK,1500.00,Valid,"04-Jan-2020 12:13 AM"
9EAD3RQ11U04,1500.00,Valid,"04-Jan-2020 12:13 AM"
IL1G3D3TZU0O,1500.00,Valid,"04-Jan-2020 12:13 AM"
6UBNU7A3UTSS,1500.00,Valid,"04-Jan-2020 12:13 AM"
M7QWZSXWPB4G,1500.00,Valid,"04-Jan-2020 12:13 AM"
SU6BTP0QD34W,1500.00,Valid,"04-Jan-2020 12:13 AM"
E8ULY761LIOS,1500.00,Valid,"04-Jan-2020 12:13 AM"
HNPU3YHVDEOG,1500.00,Valid,"04-Jan-2020 12:13 AM"
5LNN3B7V7YO8,1500.00,Valid,"04-Jan-2020 12:13 AM"
BTCC34YJI1SG,1500.00,Valid,"04-Jan-2020 12:13 AM"
8G3AAMGWUBGG,1500.00,Valid,"04-Jan-2020 12:13 AM"
BR5BOZDC2E8G,1500.00,Valid,"04-Jan-2020 12:13 AM"
K6JTSR2N4HWK,1500.00,Valid,"04-Jan-2020 12:13 AM"
RGF799P6YIO4,1500.00,Valid,"04-Jan-2020 12:13 AM"
NEC9ZGHK8G04,1500.00,Valid,"04-Jan-2020 12:13 AM"
GYVKAKMUI8OC,1500.00,Valid,"04-Jan-2020 12:13 AM"
5A84RNIERFWO,1500.00,Valid,"04-Jan-2020 12:13 AM"
O8QSKWDWVM88,1500.00,Valid,"04-Jan-2020 12:13 AM"
CEM7PYY7CJS4,1500.00,Valid,"04-Jan-2020 12:13 AM"
4QVMO2SSGHKW,1500.00,Valid,"04-Jan-2020 12:13 AM"
LVLZDTKTXA8W,1500.00,Valid,"04-Jan-2020 12:13 AM"
CG9MLGHE2W8O,1500.00,Valid,"04-Jan-2020 12:13 AM"
20CYF2RU303O,1500.00,Valid,"04-Jan-2020 12:13 AM"
MQGE843755WW,1500.00,Valid,"04-Jan-2020 12:13 AM"
FE9RA4N3914W,1500.00,Valid,"04-Jan-2020 12:13 AM"
J54O60UFBLCS,1500.00,Valid,"04-Jan-2020 12:13 AM"
9XYFAZASPBSW,1500.00,Valid,"04-Jan-2020 12:13 AM"
M5IL8GEMDPWC,1500.00,Valid,"04-Jan-2020 12:13 AM"
2C74IABO8N9C,1500.00,Valid,"04-Jan-2020 12:13 AM"
F5AZ510BUGGS,1500.00,Valid,"04-Jan-2020 12:13 AM"
SOIHDE3MLEOK,1500.00,Valid,"04-Jan-2020 12:13 AM"
2EGPH1XNLH7O,1500.00,Valid,"04-Jan-2020 12:13 AM"
D7ZQJ6E6F808,1500.00,Valid,"04-Jan-2020 12:13 AM"
PBUIIRDNBWG0,1500.00,Valid,"04-Jan-2020 12:13 AM"
7V5QLFGPWRCW,1500.00,Valid,"04-Jan-2020 12:13 AM"
T5MD6EG2VGGW,1500.00,Valid,"04-Jan-2020 12:13 AM"
IYX5L7TR7UO0,1500.00,Valid,"04-Jan-2020 12:13 AM"
NAZCJT87LMSG,1500.00,Valid,"04-Jan-2020 12:13 AM"
6C9HEKDCJ1GK,1500.00,Valid,"04-Jan-2020 12:13 AM"
48CK8V4KTHKW,1500.00,Valid,"04-Jan-2020 12:13 AM"
HU8SEX80HNCC,1500.00,Valid,"04-Jan-2020 12:13 AM"
NVQZQ4EEZQ8K,1500.00,Valid,"04-Jan-2020 12:13 AM"
BSBX0K1ZDT4O,1500.00,Valid,"04-Jan-2020 12:13 AM"
21QNWWOQNZY8,1500.00,Valid,"04-Jan-2020 12:13 AM"
2SWPHMIJHEKG,1500.00,Valid,"04-Jan-2020 12:13 AM"
CL6LZ9G8VO8C,1500.00,Valid,"04-Jan-2020 12:13 AM"
JSN1D3X1VPC4,1500.00,Valid,"04-Jan-2020 12:13 AM"
RNUKIVWQD9W8,1500.00,Valid,"04-Jan-2020 12:13 AM"
I8JG1UZWVDKC,1500.00,Valid,"04-Jan-2020 12:13 AM"
P1GZGHV5B68C,1500.00,Valid,"04-Jan-2020 12:13 AM"
FNC5PE0RNG0S,1500.00,Valid,"04-Jan-2020 12:13 AM"
KDCYE473NS0G,1500.00,Valid,"04-Jan-2020 12:13 AM"
63YOFWBSEA8S,1500.00,Valid,"04-Jan-2020 12:13 AM"
1JORYNEGQOTC,1500.00,Valid,"04-Jan-2020 12:13 AM"
SHQZ3ZF0MDC4,1500.00,Valid,"04-Jan-2020 12:13 AM"
QT1MONN8UOGC,1500.00,Valid,"04-Jan-2020 12:13 AM"
ACPUM2NK1DCS,1500.00,Valid,"04-Jan-2020 12:13 AM"
IXL4D6UVIVWW,1500.00,Valid,"04-Jan-2020 12:13 AM"
1RBCAPQHS268,1500.00,Valid,"04-Jan-2020 12:13 AM"
9V03Z64S74G8,1500.00,Valid,"04-Jan-2020 12:13 AM"
RAHGUHK58744,1500.00,Valid,"04-Jan-2020 12:13 AM"
C722OZS2L8O4,1500.00,Valid,"04-Jan-2020 12:13 AM"
NV8U1AYLHYS8,1500.00,Valid,"04-Jan-2020 12:13 AM"
IGWBR7VPN3SW,1500.00,Valid,"04-Jan-2020 12:13 AM"
K15K3OTRJZ4K,1500.00,Valid,"04-Jan-2020 12:13 AM"
6WJSIHG25KG8,1500.00,Valid,"04-Jan-2020 12:13 AM"
52K14D88WDWC,1500.00,Valid,"04-Jan-2020 12:13 AM"
SYQK9P18W0G8,1500.00,Valid,"04-Jan-2020 12:13 AM"
MXAFUPPXVESG,1500.00,Valid,"04-Jan-2020 12:13 AM"
BWHDE2F3II8S,1500.00,Valid,"04-Jan-2020 12:13 AM"
FOM58Z8AYBK0,1500.00,Valid,"04-Jan-2020 12:13 AM"
HUNY35OGESGK,1500.00,Valid,"04-Jan-2020 12:13 AM"
H44MO32V4VKS,1500.00,Valid,"04-Jan-2020 12:13 AM"
8ERJO25NA800,1500.00,Valid,"04-Jan-2020 12:13 AM"
GCKUARQ6EMG4,1500.00,Valid,"04-Jan-2020 12:13 AM"
6D1216ZQM4WS,1500.00,Valid,"04-Jan-2020 12:13 AM"
GAMW1E2YOUO8,1500.00,Valid,"04-Jan-2020 12:13 AM"
4Z3YCCRI0NKS,1500.00,Valid,"04-Jan-2020 12:13 AM"
47ML2TJDGOU8,1500.00,Valid,"04-Jan-2020 12:13 AM"
S2SDB6EXAKGW,1500.00,Valid,"04-Jan-2020 12:13 AM"
RSU2XJZFM4G4,1500.00,Valid,"04-Jan-2020 12:13 AM"
O3Q5VSHTP2OO,1500.00,Valid,"04-Jan-2020 12:13 AM"
6YLUBH5B968S,1500.00,Valid,"04-Jan-2020 12:13 AM"
PPAFIXWQS74W,1500.00,Valid,"04-Jan-2020 12:13 AM"
B6ITWBMMGK08,1500.00,Valid,"04-Jan-2020 12:13 AM"
IXHU603CAG0K,1500.00,Valid,"04-Jan-2020 12:13 AM"
5JIS8JU6W6WW,1500.00,Valid,"04-Jan-2020 12:13 AM"
5HPHKKP4ZF0O,1500.00,Valid,"04-Jan-2020 12:13 AM"
3OR1Y7IRDKE8,1500.00,Valid,"04-Jan-2020 12:13 AM"
A4B7DXKD5C84,1500.00,Valid,"04-Jan-2020 12:13 AM"
LHIJZKIH64G4,1500.00,Valid,"04-Jan-2020 12:13 AM"
PNSYVFDLE680,1500.00,Valid,"04-Jan-2020 12:13 AM"
OS45M70AJ280,1500.00,Valid,"04-Jan-2020 12:13 AM"
FY2MF7W9U2O0,1500.00,Valid,"04-Jan-2020 12:13 AM"
SNZSXPCEC3KW,1500.00,Valid,"04-Jan-2020 12:13 AM"
AW7NQRFJ8JK0,1500.00,Valid,"04-Jan-2020 12:13 AM"
8L0I86M81I80,1500.00,Valid,"04-Jan-2020 12:13 AM"
O3PIA6P2GESS,1500.00,Valid,"04-Jan-2020 12:13 AM"
GLZTFROFZPS8,1500.00,Valid,"04-Jan-2020 12:13 AM"
CGBXJJZV75WK,1500.00,Valid,"04-Jan-2020 12:13 AM"
DJL8DGQ00XWG,1500.00,Valid,"04-Jan-2020 12:13 AM"
MDPPGVI7S5C4,1500.00,Valid,"04-Jan-2020 12:13 AM"
6YPMQ1JXWP44,1500.00,Valid,"04-Jan-2020 12:13 AM"
4QS1FE0IC54W,1500.00,Valid,"04-Jan-2020 12:13 AM"
3AE0QA11DCKK,1500.00,Valid,"04-Jan-2020 12:13 AM"
B9BD757AB7K0,1500.00,Valid,"04-Jan-2020 12:13 AM"
9ADCK8TK31SS,1500.00,Valid,"04-Jan-2020 12:13 AM"
1DHFE4YVR5R4,1500.00,Valid,"04-Jan-2020 12:13 AM"
7ZQX2U5AXR40,1500.00,Valid,"04-Jan-2020 12:13 AM"
KQGXR1NLL5W4,1500.00,Valid,"04-Jan-2020 12:13 AM"
QHCD380TOBKK,1500.00,Valid,"04-Jan-2020 12:13 AM"
FISUYIIHTAO8,1500.00,Valid,"04-Jan-2020 12:13 AM"
N9F1U0JMLW0C,1500.00,Valid,"04-Jan-2020 12:13 AM"
8XASMMFEL3OC,1500.00,Valid,"04-Jan-2020 12:13 AM"
HQU43RDMJ9WS,1500.00,Valid,"04-Jan-2020 12:13 AM"
QH39XWR2ZZ4G,1500.00,Valid,"04-Jan-2020 12:13 AM"
4CLE5STUE7MS,1500.00,Valid,"04-Jan-2020 12:13 AM"
L95RURWTH9CG,1500.00,Valid,"04-Jan-2020 12:13 AM"
KYFQB08KD5W0,1500.00,Valid,"04-Jan-2020 12:13 AM"
FVLLCDR2A7CO,1500.00,Valid,"04-Jan-2020 12:13 AM"
5MICVE31BI80,1500.00,Valid,"04-Jan-2020 12:13 AM"
NKVKZKLRX344,1500.00,Valid,"04-Jan-2020 12:13 AM"
SOBBBH3ULA8W,1500.00,Valid,"04-Jan-2020 12:13 AM"
I7Q5SR7DGT4C,1500.00,Valid,"04-Jan-2020 12:13 AM"
OEILFUP06BK0,1500.00,Valid,"04-Jan-2020 12:13 AM"
A2VY9RKHJC0G,1500.00,Valid,"04-Jan-2020 12:13 AM"
1ZGY4D7YOSM8,1500.00,Valid,"04-Jan-2020 12:13 AM"
2P9EYOQ9UGMC,1500.00,Valid,"04-Jan-2020 12:13 AM"
OT0N1DBYBHW8,1500.00,Valid,"04-Jan-2020 12:13 AM"
K8ODNXR1B3KS,1500.00,Valid,"04-Jan-2020 12:13 AM"
K5YW9G0LERK0,1500.00,Valid,"04-Jan-2020 12:13 AM"
OKBZEWHGL344,1500.00,Valid,"04-Jan-2020 12:13 AM"
VMU3I2S2YPWG,1500.00,Valid,"04-Jan-2020 12:13 AM"
NNERW781O2OG,1500.00,Valid,"04-Jan-2020 12:13 AM"
FLVABVDVV9C0,1500.00,Valid,"04-Jan-2020 12:13 AM"
JQAN3C41WLWO,1500.00,Valid,"04-Jan-2020 12:13 AM"
4XHQNHY5TC84,1500.00,Valid,"04-Jan-2020 12:13 AM"
3ACDR0ZU8C84,1500.00,Valid,"04-Jan-2020 12:13 AM"
C73I9Y1W1HWS,1500.00,Valid,"04-Jan-2020 12:13 AM"
NLU2BD8SAQSW,1500.00,Valid,"04-Jan-2020 12:13 AM"
2SI4TQKS92M8,1500.00,Valid,"04-Jan-2020 12:13 AM"
B3RDMEO8EJSO,1500.00,Valid,"04-Jan-2020 12:13 AM"
4XV1L1PZDBC4,1500.00,Valid,"04-Jan-2020 12:13 AM"
7B1ZZHO4PNOK,1500.00,Valid,"04-Jan-2020 12:13 AM"
4DNLL4FO1A2O,1500.00,Valid,"04-Jan-2020 12:13 AM"
2E8B82Q2P4PW,1500.00,Valid,"04-Jan-2020 12:13 AM"
HMRWMPYEF5WG,1500.00,Valid,"04-Jan-2020 12:13 AM"
PANHFRRNHZKC,1500.00,Valid,"04-Jan-2020 12:13 AM"
E9E39AJ65LC8,1500.00,Valid,"04-Jan-2020 12:13 AM"
10XIXRP024DW,1500.00,Valid,"04-Jan-2020 12:13 AM"
CBMXTYICKAO0,1500.00,Valid,"04-Jan-2020 12:13 AM"
GHWMGYRX6Q88,1500.00,Valid,"04-Jan-2020 12:13 AM"
MVZHHJ7NLR4K,1500.00,Valid,"04-Jan-2020 12:13 AM"
EIUKDKZ5I74K,1500.00,Valid,"04-Jan-2020 12:13 AM"
2GR6JRCE3BOK,1500.00,Valid,"04-Jan-2020 12:13 AM"
R1DTWDF6KNK8,1500.00,Valid,"04-Jan-2020 12:13 AM"
MBV5ZK075Y8K,1500.00,Valid,"04-Jan-2020 12:13 AM"
61662OZ2CVKS,1500.00,Valid,"04-Jan-2020 12:13 AM"
47T1VPNGBU4G,1500.00,Valid,"04-Jan-2020 12:13 AM"
44NC5N1Q24U8,1500.00,Valid,"04-Jan-2020 12:13 AM"
S5A6Z42BATWS,1500.00,Valid,"04-Jan-2020 12:13 AM"
N4R11UBMQ9WK,1500.00,Valid,"04-Jan-2020 12:13 AM"
OFYNN8RF96O4,1500.00,Valid,"04-Jan-2020 12:13 AM"
IH49WRP3QSGK,1500.00,Valid,"04-Jan-2020 12:13 AM"
C0MJGG9XIU8K,1500.00,Valid,"04-Jan-2020 12:13 AM"
7NT2YZSBN2CK,1500.00,Valid,"04-Jan-2020 12:13 AM"
RXW95ILSIBKW,1500.00,Valid,"04-Jan-2020 12:13 AM"
FOG264WCL5KC,1500.00,Valid,"04-Jan-2020 12:13 AM"
EOKXJSSFIOOC,1500.00,Valid,"04-Jan-2020 12:13 AM"
GIIYMN39CMGO,1500.00,Valid,"04-Jan-2020 12:13 AM"
RKQXZA5PNMS4,1500.00,Valid,"04-Jan-2020 12:13 AM"
368CTH90M0AO,1500.00,Valid,"04-Jan-2020 12:13 AM"
8N2EVTWO9FS4,1500.00,Valid,"04-Jan-2020 12:13 AM"
AXYVWTC2R94W,1500.00,Valid,"04-Jan-2020 12:13 AM"
ENBNQBFZGHCS,1500.00,Valid,"04-Jan-2020 12:13 AM"
GRS7UMJZ62O0,1500.00,Valid,"04-Jan-2020 12:13 AM"
GDHPTH8BE7WC,1500.00,Valid,"04-Jan-2020 12:13 AM"
Q5OLY8POQ80W,1500.00,Valid,"04-Jan-2020 12:13 AM"
SYCBWZ16KC0S,1500.00,Valid,"04-Jan-2020 12:13 AM"
CEUXDBTX9O8W,1500.00,Valid,"04-Jan-2020 12:13 AM"
TO9F9IJ8LZKC,1500.00,Valid,"04-Jan-2020 12:13 AM"
IMC9O9RQM1W0,1500.00,Valid,"04-Jan-2020 12:13 AM"
R7GBUA18ZR40,1500.00,Valid,"04-Jan-2020 12:13 AM"
GPZW5J7APJK8,1500.00,Valid,"04-Jan-2020 12:13 AM"
RT9KACMNV7K4,1500.00,Valid,"04-Jan-2020 12:13 AM"
8WFXVXJ6BF8C,1500.00,Valid,"04-Jan-2020 12:13 AM"
OWGPOFWENO0C,1500.00,Valid,"04-Jan-2020 12:13 AM"
RG8O7ADW0CG4,1500.00,Valid,"04-Jan-2020 12:13 AM"
R7ZBO0SPVYSS,1500.00,Valid,"04-Jan-2020 12:13 AM"
9QL9VLQZ4UO8,1500.00,Valid,"04-Jan-2020 12:13 AM"
FWXTMKGCOOGS,1500.00,Valid,"04-Jan-2020 12:13 AM"
IOFSSR7YS48C,1500.00,Valid,"04-Jan-2020 12:13 AM"
E8NYVNGV2J48,1500.00,Valid,"04-Jan-2020 12:13 AM"
2N6THITZ9XC0,1500.00,Valid,"04-Jan-2020 12:13 AM"
O5WHIEWQAYO0,1500.00,Valid,"04-Jan-2020 12:13 AM"
BN2VQZS9COOW,1500.00,Valid,"04-Jan-2020 12:13 AM"
NPY6M48TPVK4,1500.00,Valid,"04-Jan-2020 12:13 AM"
GIWFZTT7T40K,1500.00,Valid,"04-Jan-2020 12:13 AM"
3MVS5TAM8CCG,1500.00,Valid,"04-Jan-2020 12:13 AM"
D8UENTAM7H4C,1500.00,Valid,"04-Jan-2020 12:13 AM"
8S5E9DLFFG8W,1500.00,Valid,"04-Jan-2020 12:13 AM"
EG8BHBLYR9C0,1500.00,Valid,"04-Jan-2020 12:13 AM"
2QVU6GBOLOU8,1500.00,Valid,"04-Jan-2020 12:13 AM"
GUG8S719MDS8,1500.00,Valid,"04-Jan-2020 12:13 AM"
4BOGOJ3O76YO,1500.00,Valid,"04-Jan-2020 12:13 AM"
TMC9X2CUVF48,1500.00,Valid,"04-Jan-2020 12:13 AM"
NOT7360CVS0K,1500.00,Valid,"04-Jan-2020 12:13 AM"
O78LTEZMU5CG,1500.00,Valid,"04-Jan-2020 12:13 AM"
395OMABTOOG0,1500.00,Valid,"04-Jan-2020 12:13 AM"
KH5PPM1I09SK,1500.00,Valid,"04-Jan-2020 12:13 AM"
EWSINUX3BFW4,1500.00,Valid,"04-Jan-2020 12:13 AM"
FFA3JEAR0CO4,1500.00,Valid,"04-Jan-2020 12:13 AM"
VHB5UVHA4DW8,1500.00,Valid,"04-Jan-2020 12:13 AM"
3SCR0BQGBSKK,1500.00,Valid,"04-Jan-2020 12:13 AM"
IM3JQXABBDKC,1500.00,Valid,"04-Jan-2020 12:13 AM"
IISMBHHCFYG4,1500.00,Valid,"04-Jan-2020 12:13 AM"
6JJJD7FB7SW0,1500.00,Valid,"04-Jan-2020 12:13 AM"
P9M509FXXUOG,1500.00,Valid,"04-Jan-2020 12:13 AM"
S1I9JWQ5RZKS,1500.00,Valid,"04-Jan-2020 12:13 AM"
17H6L4UOPD0G,1500.00,Valid,"04-Jan-2020 12:13 AM"
3JOYSEV7A3GG,1500.00,Valid,"04-Jan-2020 12:13 AM"
5PYOD5G2VQKO,1500.00,Valid,"04-Jan-2020 12:13 AM"
SL5WKBQ3MLW8,1500.00,Valid,"04-Jan-2020 12:13 AM"
TE4IK5I9I6SO,1500.00,Valid,"04-Jan-2020 12:13 AM"
M9Y1ECNO07K8,1500.00,Valid,"04-Jan-2020 12:13 AM"
RDBL5KBOW5C4,1500.00,Valid,"04-Jan-2020 12:13 AM"
EXBWIRNMGO0K,1500.00,Valid,"04-Jan-2020 12:13 AM"
HGXT1DT6WW84,1500.00,Valid,"04-Jan-2020 12:13 AM"
QAMYB1I9D5W4,1500.00,Valid,"04-Jan-2020 12:13 AM"
6ONJ89G8LASC,1500.00,Valid,"04-Jan-2020 12:13 AM"
1DWEERAHYFI8,1500.00,Valid,"04-Jan-2020 12:13 AM"
ED2HK1P3PGOO,1500.00,Valid,"04-Jan-2020 12:13 AM"
R2S9ZFPNA2OW,1500.00,Valid,"04-Jan-2020 12:13 AM"
RLFPKW6GOJKW,1500.00,Valid,"04-Jan-2020 12:13 AM"
7TYYDRHVA84K,1500.00,Valid,"04-Jan-2020 12:13 AM"
DJLCH90DMPS0,1500.00,Valid,"04-Jan-2020 12:13 AM"
DV5UBRG8A00K,1500.00,Valid,"04-Jan-2020 12:13 AM"
QDK399DTC1WG,1500.00,Valid,"04-Jan-2020 12:13 AM"
Q2YOTBYPGR48,1500.00,Valid,"04-Jan-2020 12:13 AM"
P1WDANN8C2OG,1500.00,Valid,"04-Jan-2020 12:13 AM"
D92D5FRK7GO4,1500.00,Valid,"04-Jan-2020 12:13 AM"
89H5W2WROCO4,1500.00,Valid,"04-Jan-2020 12:13 AM"
4VUA2EU7X484,1500.00,Valid,"04-Jan-2020 12:13 AM"
SW3XO71E6QOG,1500.00,Valid,"04-Jan-2020 12:13 AM"
8JO75SAWSQ04,1500.00,Valid,"04-Jan-2020 12:13 AM"
HY1YMU86OD4C,1500.00,Valid,"04-Jan-2020 12:13 AM"
50NBWRHX158O,1500.00,Valid,"04-Jan-2020 12:13 AM"
1YSQUK3BR10G,1500.00,Valid,"04-Jan-2020 12:13 AM"
SMREHGUVEUOS,1500.00,Valid,"04-Jan-2020 12:13 AM"
1VDN61AINFJ4,1500.00,Valid,"04-Jan-2020 12:13 AM"
S6TQ8FLGIIO4,1500.00,Valid,"04-Jan-2020 12:13 AM"
KKF5498CKHS4,1500.00,Valid,"04-Jan-2020 12:13 AM"
EFJJB5B82RWO,1500.00,Valid,"04-Jan-2020 12:13 AM"
4K7F4JAHWJS4,1500.00,Valid,"04-Jan-2020 12:13 AM"
R8G0W9JF6TCW,1500.00,Valid,"04-Jan-2020 12:13 AM"
ETRFARFW3O08,1500.00,Valid,"04-Jan-2020 12:13 AM"
BJA56OQ8DE04,1500.00,Valid,"04-Jan-2020 12:13 AM"
LS9Z57I99U88,1500.00,Valid,"04-Jan-2020 12:13 AM"
5T1MFRS0T280,1500.00,Valid,"04-Jan-2020 12:13 AM"
NZIPXLG74TCG,1500.00,Valid,"04-Jan-2020 12:13 AM"
P4HBP85K9N4C,1500.00,Valid,"04-Jan-2020 12:13 AM"
9PFO3JFAIDC0,1500.00,Valid,"04-Jan-2020 12:13 AM"
QI9UEGR2IB4O,1500.00,Valid,"04-Jan-2020 12:13 AM"
F406AMZG9WGG,1500.00,Valid,"04-Jan-2020 12:13 AM"
POOHPHJLPPCK,1500.00,Valid,"04-Jan-2020 12:13 AM"
8SWZDT9SARCW,1500.00,Valid,"04-Jan-2020 12:13 AM"
EBMKQ9B1U0GS,1500.00,Valid,"04-Jan-2020 12:13 AM"
D09AWQH255C8,1500.00,Valid,"04-Jan-2020 12:13 AM"
N54CI5O0INKS,1500.00,Valid,"04-Jan-2020 12:13 AM"
F3FUCUMSX1C0,1500.00,Valid,"04-Jan-2020 12:13 AM"
GLV51SZN09SK,1500.00,Valid,"04-Jan-2020 12:13 AM"
DFREKAP22U8G,1500.00,Valid,"04-Jan-2020 12:13 AM"
L2CGZGL5AMO8,1500.00,Valid,"04-Jan-2020 12:13 AM"
CDGJL1NY5SG8,1500.00,Valid,"04-Jan-2020 12:13 AM"
RXC1I7E1SG04,1500.00,Valid,"04-Jan-2020 12:13 AM"
364GZ7NFC0OW,1500.00,Valid,"04-Jan-2020 12:13 AM"
EED10S36UYGW,1500.00,Valid,"04-Jan-2020 12:13 AM"
QDC6QDS6LPCK,1500.00,Valid,"04-Jan-2020 12:13 AM"
BNFS5S4T9A80,1500.00,Valid,"04-Jan-2020 12:13 AM"
11D9SAJXH880,1500.00,Valid,"04-Jan-2020 12:13 AM"
9L2NEZBE0K4C,1500.00,Valid,"04-Jan-2020 12:13 AM"
2O5WY9ABNG8W,1500.00,Valid,"04-Jan-2020 12:13 AM"
G6JDFAMPQJCC,1500.00,Valid,"04-Jan-2020 12:13 AM"
KVI7I3MHEHC8,1500.00,Valid,"04-Jan-2020 12:13 AM"
B58EI9O3O9C8,1500.00,Valid,"04-Jan-2020 12:13 AM"
M5NYOLW0BK00,1500.00,Valid,"04-Jan-2020 12:13 AM"
LKLO75FFTBKO,1500.00,Valid,"04-Jan-2020 12:13 AM"
F9TRINY9TBWC,1500.00,Valid,"04-Jan-2020 12:13 AM"
803EG744JE4O,1500.00,Valid,"04-Jan-2020 12:13 AM"
CBVA47K3RQ8G,1500.00,Valid,"04-Jan-2020 12:13 AM"
MOGS6LJC28GC,1500.00,Valid,"04-Jan-2020 12:13 AM"
7YW2YZM8SPC8,1500.00,Valid,"04-Jan-2020 12:13 AM"
4RUZ5TCBSG00,1500.00,Valid,"04-Jan-2020 12:13 AM"
D3WHIZBYSZCW,1500.00,Valid,"04-Jan-2020 12:13 AM"
3RL0S7V1T6M8,1500.00,Valid,"04-Jan-2020 12:13 AM"
4C0Z2BYYQE0W,1500.00,Valid,"04-Jan-2020 12:13 AM"
4OIJV5KPP6YO,1500.00,Valid,"04-Jan-2020 12:13 AM"
IUPUB820XW08,1500.00,Valid,"04-Jan-2020 12:13 AM"
5QE76RWBXNGG,1500.00,Valid,"04-Jan-2020 12:13 AM"
KRJ9IO1RJC0G,1500.00,Valid,"04-Jan-2020 12:13 AM"
4DTTXHPFE70G,1500.00,Valid,"04-Jan-2020 12:13 AM"
6OK4BWCYI1GC,1500.00,Valid,"04-Jan-2020 12:13 AM"
NPELMMK43HCG,1500.00,Valid,"04-Jan-2020 12:13 AM"
KKRAAT8C3TW4,1500.00,Valid,"04-Jan-2020 12:13 AM"
5VQL6O2WTSG8,1500.00,Valid,"04-Jan-2020 12:13 AM"
JXFWCJEMDLW4,1500.00,Valid,"04-Jan-2020 12:13 AM"
NJ6WGJLWV6OK,1500.00,Valid,"04-Jan-2020 12:13 AM"
1XPP99B0D7R4,1500.00,Valid,"04-Jan-2020 12:13 AM"
O98IGBUZNAS8,1500.00,Valid,"04-Jan-2020 12:13 AM"
NWOQ3P842IOW,1500.00,Valid,"04-Jan-2020 12:13 AM"
RYDAWTQ4ZOGG,1500.00,Valid,"04-Jan-2020 12:13 AM"
3K6ZO76P1LS0,1500.00,Valid,"04-Jan-2020 12:13 AM"
JVJWTDTAAIO4,1500.00,Valid,"04-Jan-2020 12:13 AM"
S8KJE53A34GC,1500.00,Valid,"04-Jan-2020 12:13 AM"
RFRW8BJLGQSK,1500.00,Valid,"04-Jan-2020 12:13 AM"
A1ACK4L6HOW8,1500.00,Valid,"04-Jan-2020 12:13 AM"
FC8FA4C8ZZSW,1500.00,Valid,"04-Jan-2020 12:13 AM"
RP8GHGYIAYO0,1500.00,Valid,"04-Jan-2020 12:13 AM"
JP224PQUE0GS,1500.00,Valid,"04-Jan-2020 12:13 AM"
11FX0PF9WX7K,1500.00,Valid,"04-Jan-2020 12:13 AM"
HTBL4Q9HHW8C,1500.00,Valid,"04-Jan-2020 12:13 AM"
RQOEW7H0BR40,1500.00,Valid,"04-Jan-2020 12:13 AM"
KLY72IDY7U8O,1500.00,Valid,"04-Jan-2020 12:13 AM"
956GKNG7KQGW,1500.00,Valid,"04-Jan-2020 12:13 AM"
3494WJQZ7CKK,1500.00,Valid,"04-Jan-2020 12:13 AM"
JIP4ER3UGEO8,1500.00,Valid,"04-Jan-2020 12:13 AM"
QMTTW7HO8LWS,1500.00,Valid,"04-Jan-2020 12:13 AM"
TT9MKR2EDA84,1500.00,Valid,"04-Jan-2020 12:13 AM"
SQQJJUQ5QG0G,1500.00,Valid,"04-Jan-2020 12:13 AM"
KHUW5TOLIZKK,1500.00,Valid,"04-Jan-2020 12:13 AM"
HXD6H0TDH7W4,1500.00,Valid,"04-Jan-2020 12:13 AM"
9DNE4U7L1T0K,1500.00,Valid,"04-Jan-2020 12:13 AM"
M2KD5IGM1LW0,1500.00,Valid,"04-Jan-2020 12:13 AM"
9ZX3XT67QW0K,1500.00,Valid,"04-Jan-2020 12:13 AM"
LQ75MSRN2V44,1500.00,Valid,"04-Jan-2020 12:13 AM"
3STIGF54IP2C,1500.00,Valid,"04-Jan-2020 12:13 AM"
LKSGYD5QI680,1500.00,Valid,"04-Jan-2020 12:13 AM"
31F7YITEL04K,1500.00,Valid,"04-Jan-2020 12:13 AM"
2LBQ7Z48EHGK,1500.00,Valid,"04-Jan-2020 12:13 AM"
O6TBSTVWJ404,1500.00,Valid,"04-Jan-2020 12:13 AM"
LSKGBGMFQMO8,1500.00,Valid,"04-Jan-2020 12:13 AM"
7PLZIV9EL3WG,1500.00,Valid,"04-Jan-2020 12:13 AM"
R5URUG6J7O08,1500.00,Valid,"04-Jan-2020 12:13 AM"
9SWD88EV07WG,1500.00,Valid,"04-Jan-2020 12:13 AM"
KN5CRXF1EEOO,1500.00,Valid,"04-Jan-2020 12:13 AM"
D5WMNF54CF4G,1500.00,Valid,"04-Jan-2020 12:13 AM"
A8KCQXJKJWO4,1500.00,Valid,"04-Jan-2020 12:13 AM"
5HXYAA4TXO4C,1500.00,Valid,"04-Jan-2020 12:13 AM"
Q11W4FRYY0GO,1500.00,Valid,"04-Jan-2020 12:13 AM"
EW5VMK1CDPSS,1500.00,Valid,"04-Jan-2020 12:13 AM"
BRBN9S28S0G8,1500.00,Valid,"04-Jan-2020 12:13 AM"
J561CCHDEYO0,1500.00,Valid,"04-Jan-2020 12:13 AM"
L74ZT7AMMOGC,1500.00,Valid,"04-Jan-2020 12:13 AM"
C6P9US7UPTCS,1500.00,Valid,"04-Jan-2020 12:13 AM"
82HTDKZFASKK,1500.00,Valid,"04-Jan-2020 12:13 AM"
BZHMWHURE6G4,1500.00,Valid,"04-Jan-2020 12:13 AM"
89O4SFZOMR4S,1500.00,Valid,"04-Jan-2020 12:13 AM"
MX9ZFLHYJ74O,1500.00,Valid,"04-Jan-2020 12:13 AM"
HRNAJHWVL4OW,1500.00,Valid,"04-Jan-2020 12:13 AM"
7FZITK9WUA8S,1500.00,Valid,"04-Jan-2020 12:13 AM"
GR8WX443714C,1500.00,Valid,"04-Jan-2020 12:13 AM"
LOXWPODYDQ80,1500.00,Valid,"04-Jan-2020 12:13 AM"
2K5IYPKWY7MS,1500.00,Valid,"04-Jan-2020 12:13 AM"
6OOSLHHX4E80,1500.00,Valid,"04-Jan-2020 12:13 AM"
SAGDC8A5DN4C,1500.00,Valid,"04-Jan-2020 12:13 AM"
STCHKC6ZUAS0,1500.00,Valid,"04-Jan-2020 12:13 AM"
3DIRNFQZX544,1500.00,Valid,"04-Jan-2020 12:13 AM"
AGXAGSF7EG0K,1500.00,Valid,"04-Jan-2020 12:13 AM"
B4293QIHIT4W,1500.00,Valid,"04-Jan-2020 12:13 AM"
ITY4F40RFQOS,1500.00,Valid,"04-Jan-2020 12:13 AM"
TEF3ENGFKI88,1500.00,Valid,"04-Jan-2020 12:13 AM"
F171Y4832LW8,1500.00,Valid,"04-Jan-2020 12:13 AM"
6TRUBZBJ1P8G,1500.00,Valid,"04-Jan-2020 12:13 AM"
PYTEK35BR00S,1500.00,Valid,"04-Jan-2020 12:13 AM"
MU3TS7TGPHWS,1500.00,Valid,"04-Jan-2020 12:13 AM"
M1IH0RE51NKG,1500.00,Valid,"04-Jan-2020 12:13 AM"
40OVHGL65T6O,1500.00,Valid,"04-Jan-2020 12:13 AM"
EB5B1QW7TW08,1500.00,Valid,"04-Jan-2020 12:13 AM"
S0SECM5NESGG,1500.00,Valid,"04-Jan-2020 12:13 AM"
KCJJOAGZQHSK,1500.00,Valid,"04-Jan-2020 12:13 AM"
4PUEZ0BC26M8,1500.00,Valid,"04-Jan-2020 12:13 AM"
PCLJLHX79HC4,1500.00,Valid,"04-Jan-2020 12:13 AM"
HL3D183Y2BWO,1500.00,Valid,"04-Jan-2020 12:13 AM"
8ECRORTK1S4K,1500.00,Valid,"04-Jan-2020 12:13 AM"
KR48OJ4868G8,1500.00,Valid,"04-Jan-2020 12:13 AM"
TLZQ9TO4SK08,1500.00,Valid,"04-Jan-2020 12:13 AM"
TG37PYK4Q5CK,1500.00,Valid,"04-Jan-2020 12:13 AM"
PGI6GUVPZASC,1500.00,Valid,"04-Jan-2020 12:13 AM"
DEPXDO2EUTWS,1500.00,Valid,"04-Jan-2020 12:13 AM"
3U7JEB7NSFEO,1500.00,Valid,"04-Jan-2020 12:13 AM"
DHPLAP4PR08W,1500.00,Valid,"04-Jan-2020 12:13 AM"
MSS9O2AG44GK,1500.00,Valid,"04-Jan-2020 12:13 AM"
1OJBHYC5TXNO,1500.00,Valid,"04-Jan-2020 12:13 AM"
GS838J63I40S,1500.00,Valid,"04-Jan-2020 12:13 AM"
DOCNTYIFS6OS,1500.00,Valid,"04-Jan-2020 12:13 AM"
BKRWG0JJMNCO,1500.00,Valid,"04-Jan-2020 12:13 AM"
755XZ14Q7A4G,1500.00,Valid,"04-Jan-2020 12:13 AM"
FNYEBGA4M9S0,1500.00,Valid,"04-Jan-2020 12:13 AM"
B75GH23X0RKG,1500.00,Valid,"04-Jan-2020 12:13 AM"
6BZEKYNA99S8,1500.00,Valid,"04-Jan-2020 12:13 AM"
MEP9TCG1IA8C,1500.00,Valid,"04-Jan-2020 12:13 AM"
3ODK8B7WQIWW,1500.00,Valid,"04-Jan-2020 12:13 AM"
MA279FHXGUO8,1500.00,Valid,"04-Jan-2020 12:13 AM"
NNZ95WIZQMO8,1500.00,Valid,"04-Jan-2020 12:13 AM"
MRFYM9LX200K,1500.00,Valid,"04-Jan-2020 12:13 AM"
BRFOSRK1URK0,1500.00,Valid,"04-Jan-2020 12:13 AM"
SQTVXPU13QOO,1500.00,Valid,"04-Jan-2020 12:13 AM"
QGLGCAUP140K,1500.00,Valid,"04-Jan-2020 12:13 AM"
87C4V2EP8AW4,1500.00,Valid,"04-Jan-2020 12:13 AM"
5Y8G6Z8NJR40,1500.00,Valid,"04-Jan-2020 12:13 AM"
N607U076YM84,1500.00,Valid,"04-Jan-2020 12:13 AM"
63FVWVK6WLC0,1500.00,Valid,"04-Jan-2020 12:13 AM"
5Q69S1V0G5K4,1500.00,Valid,"04-Jan-2020 12:13 AM"
BWD6AWF6RDKC,1500.00,Valid,"04-Jan-2020 12:13 AM"
J6WW2XLZ2VC4,1500.00,Valid,"04-Jan-2020 12:13 AM"
EU7QSRE0BKOC,1500.00,Valid,"04-Jan-2020 12:13 AM"
8NBPRHWD794W,1500.00,Valid,"04-Jan-2020 12:13 AM"
O3XH86O063KK,1500.00,Valid,"04-Jan-2020 12:13 AM"
MJ8QUA6X928G,1500.00,Valid,"04-Jan-2020 12:13 AM"
ANSGI3J7AA04,1500.00,Valid,"04-Jan-2020 12:13 AM"
82S32ZM6A1KW,1500.00,Valid,"04-Jan-2020 12:13 AM"
3EFK9T8532SK,1500.00,Valid,"04-Jan-2020 12:13 AM"
JPBQ7E8ENRC4,1500.00,Valid,"04-Jan-2020 12:13 AM"
DEESLN2RFLCS,1500.00,Valid,"04-Jan-2020 12:13 AM"
JY61H7MMAO00,1500.00,Valid,"04-Jan-2020 12:13 AM"
7CJH5GR2O5K4,1500.00,Valid,"04-Jan-2020 12:13 AM"
5N5T73Y9C90K,1500.00,Valid,"04-Jan-2020 12:13 AM"
SS0WLPFDDFKW,1500.00,Valid,"04-Jan-2020 12:13 AM"
5ETC4OZ8I084,1500.00,Valid,"04-Jan-2020 12:13 AM"
BEKJE2GGP5W0,1500.00,Valid,"04-Jan-2020 12:13 AM"
HJ736297R3KS,1500.00,Valid,"04-Jan-2020 12:13 AM"
4NQZIMDJC2KG,1500.00,Valid,"04-Jan-2020 12:13 AM"
ENR9V88CVPWS,1500.00,Valid,"04-Jan-2020 12:13 AM"
J599YUMJEX44,1500.00,Valid,"04-Jan-2020 12:13 AM"
NCOT050LLKGS,1500.00,Valid,"04-Jan-2020 12:13 AM"
LLOAJBI56O00,1500.00,Valid,"04-Jan-2020 12:13 AM"
NX80CIHHKAO0,1500.00,Valid,"04-Jan-2020 12:13 AM"
AVT67CQHR3KS,1500.00,Valid,"04-Jan-2020 12:13 AM"
P5TYRRM3TR4K,1500.00,Valid,"04-Jan-2020 12:13 AM"
879YZEIFJLWK,1500.00,Valid,"04-Jan-2020 12:13 AM"
N5Z4VTSIPIS8,1500.00,Valid,"04-Jan-2020 12:13 AM"
2CE79LBL0QO0,1500.00,Valid,"04-Jan-2020 12:13 AM"
9VFZ73EMMCOO,1500.00,Valid,"04-Jan-2020 12:13 AM"
3BCMW00EAWKK,1500.00,Valid,"04-Jan-2020 12:13 AM"
97FA0WHP5MW4,1500.00,Valid,"04-Jan-2020 12:13 AM"
7FYRTH0QUXC8,1500.00,Valid,"04-Jan-2020 12:13 AM"
OCIGLKC6JM8C,1500.00,Valid,"04-Jan-2020 12:13 AM"
QTLP9KD7UQ8C,1500.00,Valid,"04-Jan-2020 12:13 AM"
4TVMFDC3NGQO,1500.00,Valid,"04-Jan-2020 12:13 AM"
ER73B2DI86OS,1500.00,Valid,"04-Jan-2020 12:13 AM"
RQGDZCB5GSGW,1500.00,Valid,"04-Jan-2020 12:13 AM"
A6LDZCPBF1CG,1500.00,Valid,"04-Jan-2020 12:13 AM"
2X563RQ2606C,1500.00,Valid,"04-Jan-2020 12:13 AM"
D3Z5U1KXF7CW,1500.00,Valid,"04-Jan-2020 12:13 AM"
9U9H596USN40,1500.00,Valid,"04-Jan-2020 12:13 AM"
JG2QR5SIDEGC,1500.00,Valid,"04-Jan-2020 12:13 AM"
I4ZFMF6J0IGC,1500.00,Valid,"04-Jan-2020 12:13 AM"
QY1Z46JUZWG4,1500.00,Valid,"04-Jan-2020 12:13 AM"
D232YC66LVS4,1500.00,Valid,"04-Jan-2020 12:13 AM"
NO80NUXUDEOK,1500.00,Valid,"04-Jan-2020 12:13 AM"
S8BKF8ND7ZKO,1500.00,Valid,"04-Jan-2020 12:13 AM"
2418DC0YWQXW,1500.00,Valid,"04-Jan-2020 12:13 AM"
9YOLPR2BUK8W,1500.00,Valid,"04-Jan-2020 12:13 AM"
7SOBCTHD22SK,1500.00,Valid,"04-Jan-2020 12:13 AM"
C996GZAEA6G4,1500.00,Valid,"04-Jan-2020 12:13 AM"
D7YXAUCTFG0S,1500.00,Valid,"04-Jan-2020 12:13 AM"
8VL3ZJIG3TOG,1500.00,Valid,"04-Jan-2020 12:13 AM"
1TU634XTODR4,1500.00,Valid,"04-Jan-2020 12:13 AM"
KLSLW4GOAPSW,1500.00,Valid,"04-Jan-2020 12:13 AM"
379JBCMGG7K0,1500.00,Valid,"04-Jan-2020 12:13 AM"
P5S22OS5Y2O4,1500.00,Valid,"04-Jan-2020 12:13 AM"
N9FJ4SWHD2OS,1500.00,Valid,"04-Jan-2020 12:13 AM"
TDEJZB1XOV4G,1500.00,Valid,"04-Jan-2020 12:13 AM"
1P0D7LUAU8O0,1500.00,Valid,"04-Jan-2020 12:13 AM"
IPVT5TUJ8DCG,1500.00,Valid,"04-Jan-2020 12:13 AM"
JTCXVX0UKV4G,1500.00,Valid,"04-Jan-2020 12:13 AM"
SGH8DHTL6R4S,1500.00,Valid,"04-Jan-2020 12:13 AM"
SZQWNRKCMMO8,1500.00,Valid,"04-Jan-2020 12:13 AM"
R98NN8WYSTCK,1500.00,Valid,"04-Jan-2020 12:13 AM"
7627TUP9H98G,1500.00,Valid,"04-Jan-2020 12:13 AM"
1NO2GWZ1V6U8,1500.00,Valid,"04-Jan-2020 12:13 AM"
4YD75PWTGUOS,1500.00,Valid,"04-Jan-2020 12:13 AM"
4T8Y95FKUSO4,1500.00,Valid,"04-Jan-2020 12:13 AM"
PJEK9AF7LJ44,1500.00,Valid,"04-Jan-2020 12:13 AM"
1DBIPJOKBW9W,1500.00,Valid,"04-Jan-2020 12:13 AM"
DJPVKT451FS4,1500.00,Valid,"04-Jan-2020 12:13 AM"
DHXUU99ZHGGK,1500.00,Valid,"04-Jan-2020 12:13 AM"
4YJEC5YH3G8W,1500.00,Valid,"04-Jan-2020 12:13 AM"
HZ9A9GFTJJSW,1500.00,Valid,"04-Jan-2020 12:13 AM"
RR2NUVW4JMSW,1500.00,Valid,"04-Jan-2020 12:13 AM"
B3Y9A54CANKS,1500.00,Valid,"04-Jan-2020 12:13 AM"
T69S8NAR5748,1500.00,Valid,"04-Jan-2020 12:13 AM"
28LEAC0ZBPHC,1500.00,Valid,"04-Jan-2020 12:13 AM"
QS26BYAF040C,1500.00,Valid,"04-Jan-2020 12:13 AM"
B8XTP5REZWO4,1500.00,Valid,"04-Jan-2020 12:13 AM"
3MFKRVJ8XBEO,1500.00,Valid,"04-Jan-2020 12:13 AM"
PBWVN5QU8NKC,1500.00,Valid,"04-Jan-2020 12:13 AM"
QLF0EDUSP008,1500.00,Valid,"04-Jan-2020 12:13 AM"
N6PXEZYE1Y8K,1500.00,Valid,"04-Jan-2020 12:13 AM"
768TFF539JSW,1500.00,Valid,"04-Jan-2020 12:13 AM"
GCUPIZG0SN40,1500.00,Valid,"04-Jan-2020 12:13 AM"
L1860P3TMLW8,1500.00,Valid,"04-Jan-2020 12:13 AM"
CMGR1FKXGK8C,1500.00,Valid,"04-Jan-2020 12:13 AM"
54FD3QHPS90K,1500.00,Valid,"04-Jan-2020 12:13 AM"
IPI8J37KB3SW,1500.00,Valid,"04-Jan-2020 12:13 AM"
3CELZCVNOJMS,1500.00,Valid,"04-Jan-2020 12:13 AM"
BWXLDT2SP28K,1500.00,Valid,"04-Jan-2020 12:13 AM"
JEA0XWW85TS0,1500.00,Valid,"04-Jan-2020 12:13 AM"
J8ZL7Q94N1CG,1500.00,Valid,"04-Jan-2020 12:13 AM"
PUWFJ9KC9008,1500.00,Valid,"04-Jan-2020 12:13 AM"
26OKN9PSSUG0,1500.00,Valid,"04-Jan-2020 12:13 AM"
64CBU40GQZGG,1500.00,Valid,"04-Jan-2020 12:13 AM"
5WH3EUE5L6KG,1500.00,Valid,"04-Jan-2020 12:13 AM"
425H5ZLJY2KG,1500.00,Valid,"04-Jan-2020 12:13 AM"
BIEXWGTIRK84,1500.00,Valid,"04-Jan-2020 12:13 AM"
LELTZ36Q19CK,1500.00,Valid,"04-Jan-2020 12:13 AM"
AN03CJD2N5S0,1500.00,Valid,"04-Jan-2020 12:13 AM"
83WB8WH2DUO0,1500.00,Valid,"04-Jan-2020 12:13 AM"
LFCXIA6Y834S,1500.00,Valid,"04-Jan-2020 12:13 AM"
3YH100LBZCW0,1500.00,Valid,"04-Jan-2020 12:13 AM"
NGDG1KMWYYO0,1500.00,Valid,"04-Jan-2020 12:13 AM"
TT243TXCJQOS,1500.00,Valid,"04-Jan-2020 12:13 AM"
5I7AYP42YWOW,1500.00,Valid,"04-Jan-2020 12:13 AM"
LS1QAXVE5SGC,1500.00,Valid,"04-Jan-2020 12:13 AM"
7ECYH9R9NV8C,1500.00,Valid,"04-Jan-2020 12:13 AM"
QNVJDAXDB6S4,1500.00,Valid,"04-Jan-2020 12:13 AM"
2N93LEGLBWO4,1500.00,Valid,"04-Jan-2020 12:13 AM"
2SPKVUCAI30G,1500.00,Valid,"04-Jan-2020 12:13 AM"
IK5010YOKMOS,1500.00,Valid,"04-Jan-2020 12:13 AM"
NZOBVZENW0GC,1500.00,Valid,"04-Jan-2020 12:13 AM"
J90UZANFSSG0,1500.00,Valid,"04-Jan-2020 12:13 AM"
CA2E5EOGFNCW,1500.00,Valid,"04-Jan-2020 12:13 AM"
Q4N1THALE1W4,1500.00,Valid,"04-Jan-2020 12:13 AM"
KJ0Y7S5FU5WC,1500.00,Valid,"04-Jan-2020 12:13 AM"
J6IPNZDND20C,1500.00,Valid,"04-Jan-2020 12:13 AM"
RBQ31GC9N3KO,1500.00,Valid,"04-Jan-2020 12:13 AM"
73FUP4UKDB0G,1500.00,Valid,"04-Jan-2020 12:13 AM"
TQNSTRVBN34G,1500.00,Valid,"04-Jan-2020 12:13 AM"
BUVQBFQEQVC4,1500.00,Valid,"04-Jan-2020 12:13 AM"
5XD98NAWCO4K,1500.00,Valid,"04-Jan-2020 12:13 AM"
KNQ6HSPLGC0S,1500.00,Valid,"04-Jan-2020 12:13 AM"
PZFQL0J07AOS,1500.00,Valid,"04-Jan-2020 12:13 AM"
NG1UNT7XQWGS,1500.00,Valid,"04-Jan-2020 12:13 AM"
OUGJ06GV4S0S,1500.00,Valid,"04-Jan-2020 12:13 AM"
LZAR0FI0DXS8,1500.00,Valid,"04-Jan-2020 12:13 AM"
QXLKHSWLIW0K,1500.00,Valid,"04-Jan-2020 12:13 AM"
4KHOVI0YG5YC,1500.00,Valid,"04-Jan-2020 12:13 AM"
CIXJ887YJMOG,1500.00,Valid,"04-Jan-2020 12:13 AM"
L3ND6299AI8S,1500.00,Valid,"04-Jan-2020 12:13 AM"
4WAS7SO81340,1500.00,Valid,"04-Jan-2020 12:13 AM"
9FAYDIQ9OM4G,1500.00,Valid,"04-Jan-2020 12:13 AM"
8DLE5CFP130G,1500.00,Valid,"04-Jan-2020 12:13 AM"
DRVSXAUGWS8W,1500.00,Valid,"04-Jan-2020 12:13 AM"
HTOOG8F5NC0K,1500.00,Valid,"04-Jan-2020 12:13 AM"
F65D75SB448C,1500.00,Valid,"04-Jan-2020 12:13 AM"
52CES6VO59OO,1500.00,Valid,"04-Jan-2020 12:13 AM"
2NRMYPN7N2O0,1500.00,Valid,"04-Jan-2020 12:13 AM"
FIXA9MYEEZCC,1500.00,Valid,"04-Jan-2020 12:13 AM"
BLQYN6770HKW,1500.00,Valid,"04-Jan-2020 12:13 AM"
3DMNIV0E0Z8K,1500.00,Valid,"04-Jan-2020 12:13 AM"
M20EA9FDYUOO,1500.00,Valid,"04-Jan-2020 12:13 AM"
EHRM9WGXZJWC,1500.00,Valid,"04-Jan-2020 12:13 AM"
5TVN1IMBPPC0,1500.00,Valid,"04-Jan-2020 12:13 AM"
IMYV8K428JS4,1500.00,Valid,"04-Jan-2020 12:13 AM"
8JCJQGYBTASC,1500.00,Valid,"04-Jan-2020 12:13 AM"
SJ8LUBOBT80O,1500.00,Valid,"04-Jan-2020 12:13 AM"
KTZIG48SDDS4,1500.00,Valid,"04-Jan-2020 12:13 AM"
JEHR801I9XK4,1500.00,Valid,"04-Jan-2020 12:13 AM"
G9RFK5DYLQ80,1500.00,Valid,"04-Jan-2020 12:13 AM"
SMTQ4WSH0PW4,1500.00,Valid,"04-Jan-2020 12:13 AM"
A9EGO80E03K0,1500.00,Valid,"04-Jan-2020 12:13 AM"
PIUR150E7ZKS,1500.00,Valid,"04-Jan-2020 12:13 AM"
KSP20BC6U9SW,1500.00,Valid,"04-Jan-2020 12:13 AM"
6P6I1LPNZLOG,1500.00,Valid,"04-Jan-2020 12:13 AM"
O9DKMKV8WB48,1500.00,Valid,"04-Jan-2020 12:13 AM"
4U8PJNMURT44,1500.00,Valid,"04-Jan-2020 12:13 AM"
8CUKSK8E7X0C,1500.00,Valid,"04-Jan-2020 12:13 AM"
A5YRQM2NMVK8,1500.00,Valid,"04-Jan-2020 12:13 AM"
401C39C92L2C,1500.00,Valid,"04-Jan-2020 12:13 AM"
7DN5NLSNZBKS,1500.00,Valid,"04-Jan-2020 12:13 AM"
4I8JFJGYYJCW,1500.00,Valid,"04-Jan-2020 12:13 AM"
SABQXBZWYMOC,1500.00,Valid,"04-Jan-2020 12:13 AM"
M521NOKS8QOW,1500.00,Valid,"04-Jan-2020 12:13 AM"
P7XPE8EG2OG8,1500.00,Valid,"04-Jan-2020 12:13 AM"
6I1Y3PNRXP8G,1500.00,Valid,"04-Jan-2020 12:13 AM"
FCKMWXF2L9SS,1500.00,Valid,"04-Jan-2020 12:13 AM"
T3Y852FZEHW0,1500.00,Valid,"04-Jan-2020 12:13 AM"
OCV74VK1PEOK,1500.00,Valid,"04-Jan-2020 12:13 AM"
GE3JTUUEELKO,1500.00,Valid,"04-Jan-2020 12:13 AM"
OSGKEOIG5QSS,1500.00,Valid,"04-Jan-2020 12:13 AM"
NB44LV8SUI8S,1500.00,Valid,"04-Jan-2020 12:13 AM"
E1EERZ1G41CS,1500.00,Valid,"04-Jan-2020 12:13 AM"
6NK0I9915AO8,1500.00,Valid,"04-Jan-2020 12:13 AM"
9MDIPZ5FSYCC,1500.00,Valid,"04-Jan-2020 12:13 AM"
F0H0ZNFKMHKC,1500.00,Valid,"04-Jan-2020 12:13 AM"
3PZSKKT9QKSG,1500.00,Valid,"04-Jan-2020 12:13 AM"
TLEEM23INZ4K,1500.00,Valid,"04-Jan-2020 12:13 AM"
98IS43HVD9GK,1500.00,Valid,"04-Jan-2020 12:13 AM"
G090SXH3DY8G,1500.00,Valid,"04-Jan-2020 12:13 AM"
6MLQVAT68B0O,1500.00,Valid,"04-Jan-2020 12:13 AM"
3WSUMGDRCRI8,1500.00,Valid,"04-Jan-2020 12:13 AM"
I98UA51QZ2O8,1500.00,Valid,"04-Jan-2020 12:13 AM"
M3BR28HLS000,1500.00,Valid,"04-Jan-2020 12:13 AM"
4VR5PX01XJ40,1500.00,Valid,"04-Jan-2020 12:13 AM"
5L3GICJAGKKK,1500.00,Valid,"04-Jan-2020 12:13 AM"
HKGQDL9Q1AO8,1500.00,Valid,"04-Jan-2020 12:13 AM"
60XDS205UR8C,1500.00,Valid,"04-Jan-2020 12:13 AM"
B1WDIIVPWC0S,1500.00,Valid,"04-Jan-2020 12:13 AM"
408UPHL77K4K,1500.00,Valid,"04-Jan-2020 12:13 AM"
1W3DE435XWDC,1500.00,Valid,"04-Jan-2020 12:13 AM"
2OPMAEWFWQGW,1500.00,Valid,"04-Jan-2020 12:13 AM"
J0T0EGAD9MO0,1500.00,Valid,"04-Jan-2020 12:13 AM"
4NNP8C0Y8ECK,1500.00,Valid,"04-Jan-2020 12:13 AM"
QK8PB5DI4PCC,1500.00,Valid,"04-Jan-2020 12:13 AM"
AGQTCA983KWK,1500.00,Valid,"04-Jan-2020 12:13 AM"
SPOQVDWALK0G,1500.00,Valid,"04-Jan-2020 12:13 AM"
3CDTP4MQ3W84,1500.00,Valid,"04-Jan-2020 12:13 AM"
NQ89QOGQO5C4,1500.00,Valid,"04-Jan-2020 12:13 AM"
18K54XU40JLW,1500.00,Valid,"04-Jan-2020 12:13 AM"
G23L1PC7MPWG,1500.00,Valid,"04-Jan-2020 12:13 AM"
4F73OSFD5J0G,1500.00,Valid,"04-Jan-2020 12:13 AM"
B8YYKZWLOTW8,1500.00,Valid,"04-Jan-2020 12:13 AM"
FB6D2MGCQTC0,1500.00,Valid,"04-Jan-2020 12:13 AM"
GJVAISBAR6OG,1500.00,Valid,"04-Jan-2020 12:13 AM"
TFGBUWTKFO0C,1500.00,Valid,"04-Jan-2020 12:13 AM"
IXBD0DFGS2OG,1500.00,Valid,"04-Jan-2020 12:13 AM"
17X2AW3ZEZR4,1500.00,Valid,"04-Jan-2020 12:13 AM"
5T6NGYCQIOG8,1500.00,Valid,"04-Jan-2020 12:13 AM"
CV59YXAIU3KG,1500.00,Valid,"04-Jan-2020 12:13 AM"
P22RLQ4FTA80,1500.00,Valid,"04-Jan-2020 12:13 AM"
JL5A1G8WJ8GK,1500.00,Valid,"04-Jan-2020 12:13 AM"
CUDBFEYHP28K,1500.00,Valid,"04-Jan-2020 12:13 AM"
OO0GKW2R2E8K,1500.00,Valid,"04-Jan-2020 12:13 AM"
I1V5JCMDNMGC,1500.00,Valid,"04-Jan-2020 12:13 AM"
64IW70RCPZC4,1500.00,Valid,"04-Jan-2020 12:13 AM"
ITBLV6DD8V4G,1500.00,Valid,"04-Jan-2020 12:13 AM"
QGEBR6I46Z4C,1500.00,Valid,"04-Jan-2020 12:13 AM"
K0FMU5Z7APWK,1500.00,Valid,"04-Jan-2020 12:13 AM"
1SPFMUUTXMPW,1500.00,Valid,"04-Jan-2020 12:13 AM"
CXUNESFM23KK,1500.00,Valid,"04-Jan-2020 12:13 AM"
PR2DZKT14000,1500.00,Valid,"04-Jan-2020 12:13 AM"
JVIOL4M02GGS,1500.00,Valid,"04-Jan-2020 12:13 AM"
INJ4P6YCRS8O,1500.00,Valid,"04-Jan-2020 12:13 AM"
B9OZNN85ELKO,1500.00,Valid,"04-Jan-2020 12:13 AM"
QQD4TCXSN808,1500.00,Valid,"04-Jan-2020 12:13 AM"
4YP5O7AU8XGC,1500.00,Valid,"04-Jan-2020 12:13 AM"
1CN9YQN7PAO0,1500.00,Valid,"04-Jan-2020 12:13 AM"
3CI11DSKGI2O,1500.00,Valid,"04-Jan-2020 12:13 AM"
Q9F4INEN2ASW,1500.00,Valid,"04-Jan-2020 12:13 AM"
JUIWPC5J1LCC,1500.00,Valid,"04-Jan-2020 12:13 AM"
SOPKWZ6S69WG,1500.00,Valid,"04-Jan-2020 12:13 AM"
1E6ENHZ385XC,1500.00,Valid,"04-Jan-2020 12:13 AM"
J6BETQ2SVDSK,1500.00,Valid,"04-Jan-2020 12:13 AM"
LJQDLSQHWV4G,1500.00,Valid,"04-Jan-2020 12:13 AM"
IWMRLXHTTMGW,1500.00,Valid,"04-Jan-2020 12:13 AM"
AJHI5QAAF54O,1500.00,Valid,"04-Jan-2020 12:13 AM"
ISZMDHSKLC00,1500.00,Valid,"04-Jan-2020 12:13 AM"
1WJI2GVMVON4,1500.00,Valid,"04-Jan-2020 12:13 AM"
S847MNO29MSG,1500.00,Valid,"04-Jan-2020 12:13 AM"
J7BZT1UB5IGO,1500.00,Valid,"04-Jan-2020 12:13 AM"
II4ID9AG3HW8,1500.00,Valid,"04-Jan-2020 12:13 AM"
3KH36DAJNSAO,1500.00,Valid,"04-Jan-2020 12:13 AM"
8IJWTQKGUIO0,1500.00,Valid,"04-Jan-2020 12:13 AM"
IO4G0QNXOH4O,1500.00,Valid,"04-Jan-2020 12:13 AM"
QLLQ10BO3B44,1500.00,Valid,"04-Jan-2020 12:13 AM"
66YQQJWQ0UG4,1500.00,Valid,"04-Jan-2020 12:13 AM"
MGOJ0C5W4GG8,1500.00,Valid,"04-Jan-2020 12:13 AM"
OGZ2LAFZ6R4S,1500.00,Valid,"04-Jan-2020 12:13 AM"
CSIW5MKAXGGG,1500.00,Valid,"04-Jan-2020 12:13 AM"
OX6BRLDQN5WG,1500.00,Valid,"04-Jan-2020 12:13 AM"
HI7X8OVQQT4W,1500.00,Valid,"04-Jan-2020 12:13 AM"
CJII0IRL47WW,1500.00,Valid,"04-Jan-2020 12:13 AM"
DUD91I5QG9KC,1500.00,Valid,"04-Jan-2020 12:13 AM"
M8VA3ZEJQYSG,1500.00,Valid,"04-Jan-2020 12:13 AM"
ACV28K7CPWWS,1500.00,Valid,"04-Jan-2020 12:13 AM"
RL5WWWUKVO0C,1500.00,Valid,"04-Jan-2020 12:13 AM"
PSE7HYYI62OW,1500.00,Valid,"04-Jan-2020 12:13 AM"
EK6LAOO984GK,1500.00,Valid,"04-Jan-2020 12:13 AM"
MCJGFI156XCC,1500.00,Valid,"04-Jan-2020 12:13 AM"
7CM5FVFYK0CO,1500.00,Valid,"04-Jan-2020 12:13 AM"
FYNXQ96UAUOS,1500.00,Valid,"04-Jan-2020 12:13 AM"
JIS0D11JNN4S,1500.00,Valid,"04-Jan-2020 12:13 AM"
NL6QUS2U80G8,1500.00,Valid,"04-Jan-2020 12:13 AM"
QE9C1EIUF4G8,1500.00,Valid,"04-Jan-2020 12:13 AM"
R8ZPEDI5FZKO,1500.00,Valid,"04-Jan-2020 12:13 AM"
SQ0NAAHO7USG,1500.00,Valid,"04-Jan-2020 12:13 AM"
RG5EJROLFS0G,1500.00,Valid,"04-Jan-2020 12:13 AM"
IF11ILAPJBK8,1500.00,Valid,"04-Jan-2020 12:13 AM"
RY4AJTA1BZ4K,1500.00,Valid,"04-Jan-2020 12:13 AM"
SLM1FRAP49CC,1500.00,Valid,"04-Jan-2020 12:13 AM"
H8ZT6C0255SG,1500.00,Valid,"04-Jan-2020 12:13 AM"
BTEQ9JLSKE0W,1500.00,Valid,"04-Jan-2020 12:13 AM"
358Q79OGL18G,1500.00,Valid,"04-Jan-2020 12:13 AM"
AWTF9IGOLX4W,1500.00,Valid,"04-Jan-2020 12:13 AM"
46SK4Q0SZCKK,1500.00,Valid,"04-Jan-2020 12:13 AM"
PDTDMTCT9US0,1500.00,Valid,"04-Jan-2020 12:13 AM"
PJ86O9K3MHC8,1500.00,Valid,"04-Jan-2020 12:13 AM"
1L2BLGFL6XXC,1500.00,Valid,"04-Jan-2020 12:13 AM"
HVBJC67OS7SC,1500.00,Valid,"04-Jan-2020 12:13 AM"
4D87CEUJ9V8K,1500.00,Valid,"04-Jan-2020 12:13 AM"
QWKFASH6A1CC,1500.00,Valid,"04-Jan-2020 12:13 AM"
P5MCCC4ANESK,1500.00,Valid,"04-Jan-2020 12:13 AM"
BV18OTOLKD4C,1500.00,Valid,"04-Jan-2020 12:13 AM"
FQR0PAOBJQOS,1500.00,Valid,"04-Jan-2020 12:13 AM"
60NODG87QFC4,1500.00,Valid,"04-Jan-2020 12:13 AM"
PSH9Q5E305WS,1500.00,Valid,"04-Jan-2020 12:13 AM"
NV0K3FAQ9N4C,1500.00,Valid,"04-Jan-2020 12:13 AM"
LR7JGHTKM5CG,1500.00,Valid,"04-Jan-2020 12:13 AM"
6IN2TEWEEU4G,1500.00,Valid,"04-Jan-2020 12:13 AM"
6P1WV3BEHO0S,1500.00,Valid,"04-Jan-2020 12:13 AM"
BPU2MSNBJ808,1500.00,Valid,"04-Jan-2020 12:13 AM"
EDJAY52HLR4G,1500.00,Valid,"04-Jan-2020 12:13 AM"
AKRNJ277Q7SW,1500.00,Valid,"04-Jan-2020 12:13 AM"
NQW9K76UUCGG,1500.00,Valid,"04-Jan-2020 12:13 AM"
4898X3VNKYO0,1500.00,Valid,"04-Jan-2020 12:13 AM"
951FLJ246UWW,1500.00,Valid,"04-Jan-2020 12:13 AM"
HAC6F5IXFCOW,1500.00,Valid,"04-Jan-2020 12:13 AM"
LLBPYJH8UVKC,1500.00,Valid,"04-Jan-2020 12:13 AM"
JPWYY1B41DWK,1500.00,Valid,"04-Jan-2020 12:13 AM"
ILPLUEOP5VK0,1500.00,Valid,"04-Jan-2020 12:13 AM"
LYZ2SPF8YMOC,1500.00,Valid,"04-Jan-2020 12:13 AM"
GXLP87Y7BZWC,1500.00,Valid,"04-Jan-2020 12:13 AM"
C3BY49JKELW8,1500.00,Valid,"04-Jan-2020 12:13 AM"
SCFP5H166R4O,1500.00,Valid,"04-Jan-2020 12:13 AM"
2NIES1P86LES,1500.00,Valid,"04-Jan-2020 12:13 AM"
113UUSQEZIVK,1500.00,Valid,"04-Jan-2020 12:13 AM"
B8ZCMRINU74G,1500.00,Valid,"04-Jan-2020 12:13 AM"
TJJ5AJAEYUSC,1500.00,Valid,"04-Jan-2020 12:13 AM"
MOVTPDET8E84,1500.00,Valid,"04-Jan-2020 12:13 AM"
Q9AVRCICO000,1500.00,Valid,"04-Jan-2020 12:13 AM"
JE2CVW5ORWO4,1500.00,Valid,"04-Jan-2020 12:13 AM"
9LB0QJUYXTCS,1500.00,Valid,"04-Jan-2020 12:13 AM"
PZ3O19ZMO9CC,1500.00,Valid,"04-Jan-2020 12:13 AM"
5LU3I1O8K7SW,1500.00,Valid,"04-Jan-2020 12:13 AM"
15MA020P5MSG,1500.00,Valid,"04-Jan-2020 12:13 AM"
C9RXE3O4TI0C,1500.00,Valid,"04-Jan-2020 12:13 AM"
AIACXUQ456GW,1500.00,Valid,"04-Jan-2020 12:13 AM"
L98JZVBLX4GS,1500.00,Valid,"04-Jan-2020 12:13 AM"
EFL7UORUR2O8,1500.00,Valid,"04-Jan-2020 12:13 AM"
F7WNOA1ICVWC,1500.00,Valid,"04-Jan-2020 12:13 AM"
KAOQ8SGN6GGS,1500.00,Valid,"04-Jan-2020 12:13 AM"
R2G7XYUUT40K,1500.00,Valid,"04-Jan-2020 12:13 AM"
I1FR77H38JK0,1500.00,Valid,"04-Jan-2020 12:13 AM"
N2QSL5W4MV44,1500.00,Valid,"04-Jan-2020 12:13 AM"
CD1ZE9K63QGO,1500.00,Valid,"04-Jan-2020 12:13 AM"
2T0TWKYPY2YO,1500.00,Valid,"04-Jan-2020 12:13 AM"
FKDF6RM12O00,1500.00,Valid,"04-Jan-2020 12:13 AM"
47ATB0T83YO0,1500.00,Valid,"04-Jan-2020 12:13 AM"
KEYDP4VBISGK,1500.00,Valid,"04-Jan-2020 12:13 AM"
TPY1WB64V0G0,1500.00,Valid,"04-Jan-2020 12:13 AM"
QPTPZECKRWG4,1500.00,Valid,"04-Jan-2020 12:13 AM"
I8RTPSNTC0G8,1500.00,Valid,"04-Jan-2020 12:13 AM"
2JXBTSH63B6S,1500.00,Valid,"04-Jan-2020 12:13 AM"
8ETJNMAR6A4O,1500.00,Valid,"04-Jan-2020 12:13 AM"
896YR68R78W8,1500.00,Valid,"04-Jan-2020 12:13 AM"
JSKLO0Z1BFKG,1500.00,Valid,"04-Jan-2020 12:13 AM"
Q2WTIWLUUEOS,1500.00,Valid,"04-Jan-2020 12:13 AM"
JXKNT846IF4W,1500.00,Valid,"04-Jan-2020 12:13 AM"
LHY7GMDO5W0C,1500.00,Valid,"04-Jan-2020 12:13 AM"
JB9AWHGSO4OO,1500.00,Valid,"04-Jan-2020 12:13 AM"
KLCEAIOETVKW,1500.00,Valid,"04-Jan-2020 12:13 AM"
QFRXYQR3HF4S,1500.00,Valid,"04-Jan-2020 12:13 AM"
AERQXS4VB3CO,1500.00,Valid,"04-Jan-2020 12:13 AM"
S8W55IBFG0GC,1500.00,Valid,"04-Jan-2020 12:13 AM"
CRCAI4ZYSYOK,1500.00,Valid,"04-Jan-2020 12:13 AM"
IT1QM8DGFFSO,1500.00,Valid,"04-Jan-2020 12:13 AM"
PSAZU8WGP6SK,1500.00,Valid,"04-Jan-2020 12:13 AM"
6SXGREPKUF8K,1500.00,Valid,"04-Jan-2020 12:13 AM"
ARA4O0R2HS84,1500.00,Valid,"04-Jan-2020 12:13 AM"
JRWG92WW81WG,1500.00,Valid,"04-Jan-2020 12:13 AM"
38QX7Z1XMUO0,1500.00,Valid,"04-Jan-2020 12:13 AM"
QOB8FN9SNTC8,1500.00,Valid,"04-Jan-2020 12:13 AM"
ED80H5CPAOOC,1500.00,Valid,"04-Jan-2020 12:13 AM"
EGHMUSSSWV4G,1500.00,Valid,"04-Jan-2020 12:13 AM"
AWSM4I94YOOC,1500.00,Valid,"04-Jan-2020 12:13 AM"
GCX8KY2IJA8K,1500.00,Valid,"04-Jan-2020 12:13 AM"
717A3T8KG6O8,1500.00,Valid,"04-Jan-2020 12:13 AM"
J9VOVGZ3JJCO,1500.00,Valid,"04-Jan-2020 12:13 AM"
GBK265MD7AOS,1500.00,Valid,"04-Jan-2020 12:13 AM"
TQV3H3BHP34W,1500.00,Valid,"04-Jan-2020 12:13 AM"
MY4P9VFEL1WS,1500.00,Valid,"04-Jan-2020 12:13 AM"
DL421C03N1CG,1500.00,Valid,"04-Jan-2020 12:13 AM"
78CLTV31FJK8,1500.00,Valid,"04-Jan-2020 12:13 AM"
RUPYMHR1ZSGS,1500.00,Valid,"04-Jan-2020 12:13 AM"
AQZQDO42RG0S,1500.00,Valid,"04-Jan-2020 12:13 AM"
7JZRRCUQR8KK,1500.00,Valid,"04-Jan-2020 12:13 AM"
GSQACPYCLEOK,1500.00,Valid,"04-Jan-2020 12:13 AM"
NHHW6ULTSJ4O,1500.00,Valid,"04-Jan-2020 12:13 AM"
7MDS0BV0HDCS,1500.00,Valid,"04-Jan-2020 12:13 AM"
KNZHA5HGWG0W,1500.00,Valid,"04-Jan-2020 12:13 AM"
D3BG89XO2VSC,1500.00,Valid,"04-Jan-2020 12:13 AM"
E80SMFJC47C4,1500.00,Valid,"04-Jan-2020 12:13 AM"
ERW7J6VWO6OS,1500.00,Valid,"04-Jan-2020 12:13 AM"
78HRTSOG0DSS,1500.00,Valid,"04-Jan-2020 12:13 AM"
9PMRZHTYYS08,1500.00,Valid,"04-Jan-2020 12:13 AM"
5UQ6FLEJ2Y88,1500.00,Valid,"04-Jan-2020 12:13 AM"
DFIL87WXSN40,1500.00,Valid,"04-Jan-2020 12:13 AM"
1DYEQB15VI5C,1500.00,Valid,"04-Jan-2020 12:13 AM"
IWARUF2NJRSC,1500.00,Valid,"04-Jan-2020 12:13 AM"
P9YPCO6DHY8G,1500.00,Valid,"04-Jan-2020 12:13 AM"
5UDZF78HU3GG,1500.00,Valid,"04-Jan-2020 12:13 AM"
JR212IADCXS4,1500.00,Valid,"04-Jan-2020 12:13 AM"
RIEIQ9ZIXAO8,1500.00,Valid,"04-Jan-2020 12:13 AM"
R3I68PVNYGGO,1500.00,Valid,"04-Jan-2020 12:13 AM"
9MKSCLTJJNCW,1500.00,Valid,"04-Jan-2020 12:13 AM"
CIBTNEB1ZA8K,1500.00,Valid,"04-Jan-2020 12:13 AM"
B6DC13OS5HC0,1500.00,Valid,"04-Jan-2020 12:13 AM"
M0N3R4KRX9W8,1500.00,Valid,"04-Jan-2020 12:13 AM"
TVHRS5C8T8G0,1500.00,Valid,"04-Jan-2020 12:13 AM"
JT3BMQYHYK0O,1500.00,Valid,"04-Jan-2020 12:13 AM"
RZJSGH2RWPWW,1500.00,Valid,"04-Jan-2020 12:13 AM"
G0756D14CNSC,1500.00,Valid,"04-Jan-2020 12:13 AM"
2HDARUT756KG,1500.00,Valid,"04-Jan-2020 12:13 AM"
F45PLR4YNVCC,1500.00,Valid,"04-Jan-2020 12:13 AM"
GKA845RZB14C,1500.00,Valid,"04-Jan-2020 12:13 AM"
PT8MDQ7NX6O4,1500.00,Valid,"04-Jan-2020 12:13 AM"
5DOBZ6GEC1KW,1500.00,Valid,"04-Jan-2020 12:13 AM"
KI4V4IDB0JK0,1500.00,Valid,"04-Jan-2020 12:13 AM"
23Y5K6H3LW3O,1500.00,Valid,"04-Jan-2020 12:13 AM"
92QGVSLJ6UKO,1500.00,Valid,"04-Jan-2020 12:13 AM"
M4D7UAW94TW8,1500.00,Valid,"04-Jan-2020 12:13 AM"
FTYOWIAF81S0,1500.00,Valid,"04-Jan-2020 12:13 AM"
7A084D7O79OO,1500.00,Valid,"04-Jan-2020 12:13 AM"
4Y6GZWPYU60W,1500.00,Valid,"04-Jan-2020 12:13 AM"
N3BD2NECW28C,1500.00,Valid,"04-Jan-2020 12:13 AM"
J6PAWZ9JX1S8,1500.00,Valid,"04-Jan-2020 12:13 AM"
842YTUAHINGO,1500.00,Valid,"04-Jan-2020 12:13 AM"
G0RBW14E3IG4,1500.00,Valid,"04-Jan-2020 12:13 AM"
HF0TGZVEUZSO,1500.00,Valid,"04-Jan-2020 12:13 AM"
AKJJ71PITVS4,1500.00,Valid,"04-Jan-2020 12:13 AM"
PN41KVBI89CC,1500.00,Valid,"04-Jan-2020 12:13 AM"
T3DVM7ZD9PCK,1500.00,Valid,"04-Jan-2020 12:13 AM"
7X483NPGRC84,1500.00,Valid,"04-Jan-2020 12:13 AM"
QG1G59F20YSW,1500.00,Valid,"04-Jan-2020 12:13 AM"
595J4PV26B4S,1500.00,Valid,"04-Jan-2020 12:13 AM"
M7M56OE1J3KS,1500.00,Valid,"04-Jan-2020 12:13 AM"
RXP8IGTUDQO8,1500.00,Valid,"04-Jan-2020 12:13 AM"
437P9ZU2LJEO,1500.00,Valid,"04-Jan-2020 12:13 AM"
9676R046QW4K,1500.00,Valid,"04-Jan-2020 12:13 AM"
E6NWWF68V8OO,1500.00,Valid,"04-Jan-2020 12:13 AM"
FC6ALMUNV7CW,1500.00,Valid,"04-Jan-2020 12:13 AM"
QJR2E6INT9CK,1500.00,Valid,"04-Jan-2020 12:13 AM"
A0AKRENXKZS4,1500.00,Valid,"04-Jan-2020 12:13 AM"
5N6WXCZ5S7K8,1500.00,Valid,"04-Jan-2020 12:13 AM"
BMOZ4FBNRSOW,1500.00,Valid,"04-Jan-2020 12:13 AM"
RCMOXLXGOPW0,1500.00,Valid,"04-Jan-2020 12:13 AM"
IC6ZQVXMF4G8,1500.00,Valid,"04-Jan-2020 12:13 AM"
17A50UDQ54SG,1500.00,Valid,"04-Jan-2020 12:13 AM"
SOGVX5QZF34G,1500.00,Valid,"04-Jan-2020 12:13 AM"
4WX4RMGUOW00,1500.00,Valid,"04-Jan-2020 12:13 AM"
GH9FOUU6T08C,1500.00,Valid,"04-Jan-2020 12:13 AM"
D2XA7XSZ3C0G,1500.00,Valid,"04-Jan-2020 12:13 AM"
FA5HSHI0BU8S,1500.00,Valid,"04-Jan-2020 12:13 AM"
O3GS53L2L34W,1500.00,Valid,"04-Jan-2020 12:13 AM"
MI1XC3ZP9XC0,1500.00,Valid,"04-Jan-2020 12:13 AM"
QP7DC3QLTHWS,1500.00,Valid,"04-Jan-2020 12:13 AM"
3IFAYEFB7HIC,1500.00,Valid,"04-Jan-2020 12:13 AM"
GEJE43CCW2GC,1500.00,Valid,"04-Jan-2020 12:13 AM"
GO627LCHCFWC,1500.00,Valid,"04-Jan-2020 12:13 AM"
838X0LUSN5KW,1500.00,Valid,"04-Jan-2020 12:13 AM"
RGTP3D3N0744,1500.00,Valid,"04-Jan-2020 12:13 AM"
GXTS4RLVAD4W,1500.00,Valid,"04-Jan-2020 12:13 AM"
PWFJBL5E5NKG,1500.00,Valid,"04-Jan-2020 12:13 AM"
I5ZWGIA6KV4G,1500.00,Valid,"04-Jan-2020 12:13 AM"
RK3E1HMV45WO,1500.00,Valid,"04-Jan-2020 12:13 AM"
EHVQGPYKANKS,1500.00,Valid,"04-Jan-2020 12:13 AM"
GR3251KV8X4O,1500.00,Valid,"04-Jan-2020 12:13 AM"
KXJLMMAKLG08,1500.00,Valid,"04-Jan-2020 12:13 AM"
EISD7XX26PCS,1500.00,Valid,"04-Jan-2020 12:13 AM"
JPZQTBH0NQ8G,1500.00,Valid,"04-Jan-2020 12:13 AM"
SBFRHDYOUAOK,1500.00,Valid,"04-Jan-2020 12:13 AM"
66U0V4FAYPWK,1500.00,Valid,"04-Jan-2020 12:13 AM"
PF905HRKM2OW,1500.00,Valid,"04-Jan-2020 12:13 AM"
5X4INLYZPHWC,1500.00,Valid,"04-Jan-2020 12:13 AM"
AS1GE2I496GW,1500.00,Valid,"04-Jan-2020 12:13 AM"
SFTY5YR1B28W,1500.00,Valid,"04-Jan-2020 12:13 AM"
NIBZ5ITAJPC4,1500.00,Valid,"04-Jan-2020 12:13 AM"
EOZTZYP44IOK,1500.00,Valid,"04-Jan-2020 12:13 AM"
FI0CB041Y0OW,1500.00,Valid,"04-Jan-2020 12:13 AM"
HJPAGKPRTI8G,1500.00,Valid,"04-Jan-2020 12:13 AM"
RQEZHNPEWS0S,1500.00,Valid,"04-Jan-2020 12:13 AM"
D3LYQ3V1S5S8,1500.00,Valid,"04-Jan-2020 12:13 AM"
LMOG1CLA4G00,1500.00,Valid,"04-Jan-2020 12:13 AM"
GYL4WQ64ADWS,1500.00,Valid,"04-Jan-2020 12:13 AM"
NDUOWZ4L6MSO,1500.00,Valid,"04-Jan-2020 12:13 AM"
HZZ6WHUY4KGG,1500.00,Valid,"04-Jan-2020 12:13 AM"
L7LBZRFB2KG4,1500.00,Valid,"04-Jan-2020 12:13 AM"
3L4PBE5YJGOW,1500.00,Valid,"04-Jan-2020 12:13 AM"
QX2F9OFXFSGO,1500.00,Valid,"04-Jan-2020 12:13 AM"
P8U0V2ZYUDC4,1500.00,Valid,"04-Jan-2020 12:13 AM"
LVNCQA8GIIOW,1500.00,Valid,"04-Jan-2020 12:13 AM"
59QA261HYQ88,1500.00,Valid,"04-Jan-2020 12:13 AM"
MJPPT4E2NZ4K,1500.00,Valid,"04-Jan-2020 12:13 AM"
BKLQZJEZFL4O,1500.00,Valid,"04-Jan-2020 12:13 AM"
96BC29HH4ZS4,1500.00,Valid,"04-Jan-2020 12:13 AM"
B55NF4CDMG0G,1500.00,Valid,"04-Jan-2020 12:13 AM"
LCJKYX21D8GW,1500.00,Valid,"04-Jan-2020 12:13 AM"
39ZM761SRH2C,1500.00,Valid,"04-Jan-2020 12:13 AM"
KJ07IQQPF2O8,1500.00,Valid,"04-Jan-2020 12:13 AM"
KAO2UZ7W1BKO,1500.00,Valid,"04-Jan-2020 12:13 AM"
N5USX99742OK,1500.00,Valid,"04-Jan-2020 12:13 AM"
BWKUIE58ZU8S,1500.00,Valid,"04-Jan-2020 12:13 AM"
IMP0GYXVNBSC,1500.00,Valid,"04-Jan-2020 12:13 AM"
8H4X5LFFKFKS,1500.00,Valid,"04-Jan-2020 12:13 AM"
3MX6V9B9L7GG,1500.00,Valid,"04-Jan-2020 12:13 AM"
78DCDYQR6DS8,1500.00,Valid,"04-Jan-2020 12:13 AM"
RXD0L5L7AKGW,1500.00,Valid,"04-Jan-2020 12:13 AM"
ERREHHO1LKGS,1500.00,Valid,"04-Jan-2020 12:13 AM"
6DG8040L2U4G,1500.00,Valid,"04-Jan-2020 12:13 AM"
7ZIKAB759A4G,1500.00,Valid,"04-Jan-2020 12:13 AM"
S4ESJWNU1340,1500.00,Valid,"04-Jan-2020 12:13 AM"
2F668S4D5L34,1500.00,Valid,"04-Jan-2020 12:13 AM"
HKK2NCR0HHWS,1500.00,Valid,"04-Jan-2020 12:13 AM"
GKO115WCAW0G,1500.00,Valid,"04-Jan-2020 12:13 AM"
K02RNCGIAE8G,1500.00,Valid,"04-Jan-2020 12:13 AM"
IZJSETGQKZS4,1500.00,Valid,"04-Jan-2020 12:13 AM"
JFWPUVHYQP4O,1500.00,Valid,"04-Jan-2020 12:13 AM"
GDRJNNBNTJSC,1500.00,Valid,"04-Jan-2020 12:13 AM"
QKZ2X7RMS3K4,1500.00,Valid,"04-Jan-2020 12:13 AM"
HTSDYJNQLVCW,1500.00,Valid,"04-Jan-2020 12:13 AM"
64R1H9R61HS8,1500.00,Valid,"04-Jan-2020 12:13 AM"
Q2OMQ885K68K,1500.00,Valid,"04-Jan-2020 12:13 AM"
B0AVQY6WNB40,1500.00,Valid,"04-Jan-2020 12:13 AM"
7BQAO5BTDFK0,1500.00,Valid,"04-Jan-2020 12:13 AM"
IVUE6H8HK34S,1500.00,Valid,"04-Jan-2020 12:13 AM"
23XR01OAIO4K,1500.00,Valid,"04-Jan-2020 12:13 AM"
7083GH02YGSG,1500.00,Valid,"04-Jan-2020 12:13 AM"
3DM5GAC0LT44,1500.00,Valid,"04-Jan-2020 12:13 AM"
IV42Q0FEX28K,1500.00,Valid,"04-Jan-2020 12:13 AM"
QX8WTJ2TYM80,1500.00,Valid,"04-Jan-2020 12:13 AM"
MVNF1V564BKK,1500.00,Valid,"04-Jan-2020 12:13 AM"
4IUQNQ31THC0,1500.00,Valid,"04-Jan-2020 12:13 AM"
ODSI7QXBGW0W,1500.00,Valid,"04-Jan-2020 12:13 AM"
GCXHORRDIJKG,1500.00,Valid,"04-Jan-2020 12:13 AM"
HOVFK7DOY1KC,1500.00,Valid,"04-Jan-2020 12:13 AM"
HT7T69G4Q8OC,1500.00,Valid,"04-Jan-2020 12:13 AM"
ORQ0JIS9V9WS,1500.00,Valid,"04-Jan-2020 12:13 AM"
4Q87RJE130QO,1500.00,Valid,"04-Jan-2020 12:13 AM"
DPDP9N0YJVW4,1500.00,Valid,"04-Jan-2020 12:13 AM"
P9F91DODOIOK,1500.00,Valid,"04-Jan-2020 12:13 AM"
KK78NREPR6OK,1500.00,Valid,"04-Jan-2020 12:13 AM"
26PZK2J2K71C,1500.00,Valid,"04-Jan-2020 12:13 AM"
9PAUGFU6Z0O4,1500.00,Valid,"04-Jan-2020 12:13 AM"
9LHWJZS6NV8C,1500.00,Valid,"04-Jan-2020 12:13 AM"
LVOFEC76HXWO,1500.00,Valid,"04-Jan-2020 12:13 AM"
G1I92CH6G1S0,1500.00,Valid,"04-Jan-2020 12:13 AM"
MM9LSVTRNAS8,1500.00,Valid,"04-Jan-2020 12:13 AM"
R83QI2MV5QSO,1500.00,Valid,"04-Jan-2020 12:13 AM"
T9UTHX334W00,1500.00,Valid,"04-Jan-2020 12:13 AM"
PKVMDAOUS6OO,1500.00,Valid,"04-Jan-2020 12:13 AM"
28P7M528UO4K,1500.00,Valid,"04-Jan-2020 12:13 AM"
46AM1KEE9Z0G,1500.00,Valid,"04-Jan-2020 12:13 AM"
5JCUY8P99JKS,1500.00,Valid,"04-Jan-2020 12:13 AM"
4BG6WN9D1N28,1500.00,Valid,"04-Jan-2020 12:13 AM"
27IPPRBLHI3O,1500.00,Valid,"04-Jan-2020 12:13 AM"
3625GL5RE2AS,1500.00,Valid,"04-Jan-2020 12:13 AM"
K0WYOCLCE9S4,1500.00,Valid,"04-Jan-2020 12:13 AM"
JUIQYBO4Q3KG,1500.00,Valid,"04-Jan-2020 12:13 AM"
5MSJTYPBBT0K,1500.00,Valid,"04-Jan-2020 12:13 AM"
RVK3NO15CTW8,1500.00,Valid,"04-Jan-2020 12:13 AM"
4UE5F4F4TIWW,1500.00,Valid,"04-Jan-2020 12:13 AM"
8KOXZR810E0W,1500.00,Valid,"04-Jan-2020 12:13 AM"
5XUXBIZST5S0,1500.00,Valid,"04-Jan-2020 12:13 AM"
P2WC9W0QE1W0,1500.00,Valid,"04-Jan-2020 12:13 AM"
8IJTMHBEW24O,1500.00,Valid,"04-Jan-2020 12:13 AM"
LPIKRIN1BHCK,1500.00,Valid,"04-Jan-2020 12:13 AM"
3I7ZBWY3MEQS,1500.00,Valid,"04-Jan-2020 12:13 AM"
50FPA2GKSA4O,1500.00,Valid,"04-Jan-2020 12:13 AM"
QAIZVND5YEOS,1500.00,Valid,"04-Jan-2020 12:13 AM"
EQGID90CQ884,1500.00,Valid,"04-Jan-2020 12:13 AM"
87W152AS2D8G,1500.00,Valid,"04-Jan-2020 12:13 AM"
MS4FWE67WZ4O,1500.00,Valid,"04-Jan-2020 12:13 AM"
63YHVOUK4Q4O,1500.00,Valid,"04-Jan-2020 12:13 AM"
B78994FC51K4,1500.00,Valid,"04-Jan-2020 12:13 AM"
3JCEUGPA56O0,1500.00,Valid,"04-Jan-2020 12:13 AM"
C675OD5DNFKK,1500.00,Valid,"04-Jan-2020 12:13 AM"
PABRC4OPB6S4,1500.00,Valid,"04-Jan-2020 12:13 AM"
R5E7BOG9JZKS,1500.00,Valid,"04-Jan-2020 12:13 AM"
G7TVYC0PUWGS,1500.00,Valid,"04-Jan-2020 12:13 AM"
NM3BN9JEX4GO,1500.00,Valid,"04-Jan-2020 12:13 AM"
6RXCHGEPKXC8,1500.00,Valid,"04-Jan-2020 12:13 AM"
42AI80HUG22O,1500.00,Valid,"04-Jan-2020 12:13 AM"
8Y5LXF9JNBOC,1500.00,Valid,"04-Jan-2020 12:13 AM"
FSORW2NDHZWW,1500.00,Valid,"04-Jan-2020 12:13 AM"
CHGEXNJCMQ88,1500.00,Valid,"04-Jan-2020 12:13 AM"
OGNJJLWO2AS0,1500.00,Valid,"04-Jan-2020 12:13 AM"
LILLKA2T70G4,1500.00,Valid,"04-Jan-2020 12:13 AM"
3XTWFWUH8J6S,1500.00,Valid,"04-Jan-2020 12:13 AM"
F2YYMCSOXTKW,1500.00,Valid,"04-Jan-2020 12:13 AM"
2Q112XEM6728,1500.00,Valid,"04-Jan-2020 12:13 AM"
1R2P6YCFW0F4,1500.00,Valid,"04-Jan-2020 12:13 AM"
7TWRFTDWXXSS,1500.00,Valid,"04-Jan-2020 12:13 AM"
R1AJE3YGMK0O,1500.00,Valid,"04-Jan-2020 12:13 AM"
BYYSW8UG9BSW,1500.00,Valid,"04-Jan-2020 12:13 AM"
TM9M2S71XV4O,1500.00,Valid,"04-Jan-2020 12:13 AM"
NDWL8SR7WG00,1500.00,Valid,"04-Jan-2020 12:13 AM"
HM45W7IKKGG8,1500.00,Valid,"04-Jan-2020 12:13 AM"
KQIYMP51BK0W,1500.00,Valid,"04-Jan-2020 12:13 AM"
MIC9DE554RKK,1500.00,Valid,"04-Jan-2020 12:13 AM"
E77MCPFYJRK8,1500.00,Valid,"04-Jan-2020 12:13 AM"
4PYY6GVXQ84K,1500.00,Valid,"04-Jan-2020 12:13 AM"
ETTRTI1INLWK,1500.00,Valid,"04-Jan-2020 12:13 AM"
BDMNU8QCW9W0,1500.00,Valid,"04-Jan-2020 12:13 AM"
7Q0S38BJ7R40,1500.00,Valid,"04-Jan-2020 12:13 AM"
IGACOBW6Q08O,1500.00,Valid,"04-Jan-2020 12:13 AM"
HRQPZKIIRBSC,1500.00,Valid,"04-Jan-2020 12:13 AM"
62TMVS0O484K,1500.00,Valid,"04-Jan-2020 12:13 AM"
ENDY9RR0WC0S,1500.00,Valid,"04-Jan-2020 12:13 AM"
7FYFAJR8RYCK,1500.00,Valid,"04-Jan-2020 12:13 AM"
SP2LPAT5UGGS,1500.00,Valid,"04-Jan-2020 12:13 AM"
RI5DPZ6PPUOG,1500.00,Valid,"04-Jan-2020 12:13 AM"
NKWLZFCDMN4K,1500.00,Valid,"04-Jan-2020 12:13 AM"
9BP2TQJ6NDWK,1500.00,Valid,"04-Jan-2020 12:13 AM"
8AI3HZR0EEG4,1500.00,Valid,"04-Jan-2020 12:13 AM"
RY4C09V0IUOS,1500.00,Valid,"04-Jan-2020 12:13 AM"
M68H0YUFEJKK,1500.00,Valid,"04-Jan-2020 12:13 AM"
PR8CTG2F640O,1500.00,Valid,"04-Jan-2020 12:13 AM"
531PQENXR1SS,1500.00,Valid,"04-Jan-2020 12:13 AM"
7WGH25POO24O,1500.00,Valid,"04-Jan-2020 12:13 AM"
ID2LDIG90HKW,1500.00,Valid,"04-Jan-2020 12:13 AM"
9ADSB3Z9XRSW,1500.00,Valid,"04-Jan-2020 12:13 AM"
C0HHTVHKUZSO,1500.00,Valid,"04-Jan-2020 12:13 AM"
Q39AI57PQQOG,1500.00,Valid,"04-Jan-2020 12:13 AM"
B6225Z1XZPK4,1500.00,Valid,"04-Jan-2020 12:13 AM"
7NQ6WPU8ICW8,1500.00,Valid,"04-Jan-2020 12:13 AM"
3WWY8SWVSAW4,1500.00,Valid,"04-Jan-2020 12:13 AM"
K1NA4XM81F4O,1500.00,Valid,"04-Jan-2020 12:13 AM"
TOSQR0V2DRKO,1500.00,Valid,"04-Jan-2020 12:13 AM"
A4HY9851JAOS,1500.00,Valid,"04-Jan-2020 12:13 AM"
EKU1QMHGVRWW,1500.00,Valid,"04-Jan-2020 12:13 AM"
2D3R3QHATYV4,1500.00,Valid,"04-Jan-2020 12:13 AM"
KX61GZ01RE8S,1500.00,Valid,"04-Jan-2020 12:13 AM"
CIXSECE7NVCC,1500.00,Valid,"04-Jan-2020 12:13 AM"
A2R6JEFNAXC8,1500.00,Valid,"04-Jan-2020 12:13 AM"
JEW00TZANNCW,1500.00,Valid,"04-Jan-2020 12:13 AM"
5S2FRRUTGE4G,1500.00,Valid,"04-Jan-2020 12:13 AM"
JZFERWV370GW,1500.00,Valid,"04-Jan-2020 12:13 AM"
KWDMMV9R2BK0,1500.00,Valid,"04-Jan-2020 12:13 AM"
HAE1E5JMBHKO,1500.00,Valid,"04-Jan-2020 12:13 AM"
EI2LWRIJQBCW,1500.00,Valid,"04-Jan-2020 12:13 AM"
SGSP5QPZCY8C,1500.00,Valid,"04-Jan-2020 12:13 AM"
DCDRN1OOMZCC,1500.00,Valid,"04-Jan-2020 12:13 AM"
PGHEB90CCY88,1500.00,Valid,"04-Jan-2020 12:13 AM"
FCJO4TJLAI0O,1500.00,Valid,"04-Jan-2020 12:13 AM"
Q9VYATKQJ4GC,1500.00,Valid,"04-Jan-2020 12:13 AM"
HUZ24RDF1BKS,1500.00,Valid,"04-Jan-2020 12:13 AM"
6KP4QDUEEX0K,1500.00,Valid,"04-Jan-2020 12:13 AM"
QC2AMRQ6D2S8,1500.00,Valid,"04-Jan-2020 12:13 AM"
HMKPMT1VZJSW,1500.00,Valid,"04-Jan-2020 12:13 AM"
HR5OWDVFOYOG,1500.00,Valid,"04-Jan-2020 12:13 AM"
2WQFLNFL1L8G,1500.00,Valid,"04-Jan-2020 12:13 AM"
NXJI5PPWDOGW,1500.00,Valid,"04-Jan-2020 12:13 AM"
P7XBQIYMB404,1500.00,Valid,"04-Jan-2020 12:13 AM"
2ICKOZJ4WM80,1500.00,Valid,"04-Jan-2020 12:13 AM"
9K7F1LOEPUKG,1500.00,Valid,"04-Jan-2020 12:13 AM"
6UHJ8L5R2ZCW,1500.00,Valid,"04-Jan-2020 12:13 AM"
2ITKZT18O5OG,1500.00,Valid,"04-Jan-2020 12:13 AM"
581QC29KF94W,1500.00,Valid,"04-Jan-2020 12:13 AM"
SY7J65PB70G4,1500.00,Valid,"04-Jan-2020 12:13 AM"
5QP71WUIR7OK,1500.00,Valid,"04-Jan-2020 12:13 AM"
5G13IWNRYHGC,1500.00,Valid,"04-Jan-2020 12:13 AM"
336KYMXGX8SG,1500.00,Valid,"04-Jan-2020 12:13 AM"
CMST3M9BKLK4,1500.00,Valid,"04-Jan-2020 12:13 AM"
I12ZRFETHDWG,1500.00,Valid,"04-Jan-2020 12:13 AM"
ZVMOOW42H5CC,1500.00,Valid,"04-Jan-2020 12:13 AM"
ON67O2QNWSGW,1500.00,Valid,"04-Jan-2020 12:13 AM"
FME729LH66G4,1500.00,Valid,"04-Jan-2020 12:13 AM"
JDU9R0YYEO84,1500.00,Valid,"04-Jan-2020 12:13 AM"
MIXZ2ZSMP5WW,1500.00,Valid,"04-Jan-2020 12:13 AM"
86LQ3TXWXS84,1500.00,Valid,"04-Jan-2020 12:13 AM"
FFC138PNT4OW,1500.00,Valid,"04-Jan-2020 12:13 AM"
R01AHEBF0288,1500.00,Valid,"04-Jan-2020 12:13 AM"
KJA276Z5M4GW,1500.00,Valid,"04-Jan-2020 12:13 AM"
2IWWCU8OUA4G,1500.00,Valid,"04-Jan-2020 12:13 AM"
LSY4OQTRM1SK,1500.00,Valid,"04-Jan-2020 12:13 AM"
I38I76908XKW,1500.00,Valid,"04-Jan-2020 12:13 AM"
4H1TBJRFQ0IS,1500.00,Valid,"04-Jan-2020 12:13 AM"
G6MUOP0QISOO,1500.00,Valid,"04-Jan-2020 12:13 AM"
OV2QARN3HZKC,1500.00,Valid,"04-Jan-2020 12:13 AM"
H3RTJFR6DE88,1500.00,Valid,"04-Jan-2020 12:13 AM"
IQ3AIDE8E6G4,1500.00,Valid,"04-Jan-2020 12:13 AM"
4K7M0785FYCK,1500.00,Valid,"04-Jan-2020 12:13 AM"
CQENY4FKU7KS,1500.00,Valid,"04-Jan-2020 12:13 AM"
2XMSTVAHIAIO,1500.00,Valid,"04-Jan-2020 12:13 AM"
JYZ1VEZFWQ8S,1500.00,Valid,"04-Jan-2020 12:13 AM"
E764MV0QQO84,1500.00,Valid,"04-Jan-2020 12:13 AM"
TQAEW5S14NKC,1500.00,Valid,"04-Jan-2020 12:13 AM"
D8MWWPWXALCG,1500.00,Valid,"04-Jan-2020 12:13 AM"
4IQ7FT10T2G4,1500.00,Valid,"04-Jan-2020 12:13 AM"
QA1H51DE6XW0,1500.00,Valid,"04-Jan-2020 12:13 AM"
6X5O54SUAO00,1500.00,Valid,"04-Jan-2020 12:13 AM"
KISI879JO9W0,1500.00,Valid,"04-Jan-2020 12:13 AM"
SWCB76D1RDWW,1500.00,Valid,"04-Jan-2020 12:13 AM"
OF776RNRYF40,1500.00,Valid,"04-Jan-2020 12:13 AM"
ML9W1XN1DQ8W,1500.00,Valid,"04-Jan-2020 12:13 AM"
R8T4HU1JRF48,1500.00,Valid,"04-Jan-2020 12:13 AM"
1QXB51VRVDHC,1500.00,Valid,"04-Jan-2020 12:13 AM"
IM82Y87CDP4C,1500.00,Valid,"04-Jan-2020 12:13 AM"
2BEHIR3LD9NO,1500.00,Valid,"04-Jan-2020 12:13 AM"
FHRON7P06PS0,1500.00,Valid,"04-Jan-2020 12:13 AM"
RS90S3OQBQOS,1500.00,Valid,"04-Jan-2020 12:13 AM"
KKN1NQ96CC0S,1500.00,Valid,"04-Jan-2020 12:13 AM"
DY2VYILKE5KO,1500.00,Valid,"04-Jan-2020 12:13 AM"
4GFZUCIF0I68,1500.00,Valid,"04-Jan-2020 12:13 AM"
9NKQFAV848OW,1500.00,Valid,"04-Jan-2020 12:13 AM"
5G0DIT90KDOO,1500.00,Valid,"04-Jan-2020 12:13 AM"
AQ527RPECRKK,1500.00,Valid,"04-Jan-2020 12:13 AM"
D5RKL86N7DW0,1500.00,Valid,"04-Jan-2020 12:13 AM"
LYHSI1WW8JK4,1500.00,Valid,"04-Jan-2020 12:13 AM"
S0KB8BAB4USO,1500.00,Valid,"04-Jan-2020 12:13 AM"
LXKSULDON9SC,1500.00,Valid,"04-Jan-2020 12:13 AM"
MVI052XVFPC4,1500.00,Valid,"04-Jan-2020 12:13 AM"
FWYTH1CI3P4W,1500.00,Valid,"04-Jan-2020 12:13 AM"
9YCYZMF9QOOC,1500.00,Valid,"04-Jan-2020 12:13 AM"
7KAFRYJNYX8O,1500.00,Valid,"04-Jan-2020 12:13 AM"
Q3JV9M0N6RK0,1500.00,Valid,"04-Jan-2020 12:13 AM"
TD434K62JN4S,1500.00,Valid,"04-Jan-2020 12:13 AM"
KZRGW6HQAB4O,1500.00,Valid,"04-Jan-2020 12:13 AM"
7MVEXGIM7L0K,1500.00,Valid,"04-Jan-2020 12:13 AM"
GV3RFHDCGDCG,1500.00,Valid,"04-Jan-2020 12:13 AM"
L7CFHPCMOC0O,1500.00,Valid,"04-Jan-2020 12:13 AM"
8OMOOQ9WJ3K8,1500.00,Valid,"04-Jan-2020 12:13 AM"
AUY3IOBADRSW,1500.00,Valid,"04-Jan-2020 12:13 AM"
JP0RBKS74CO4,1500.00,Valid,"04-Jan-2020 12:13 AM"
3D4X5AI0QQQS,1500.00,Valid,"04-Jan-2020 12:13 AM"
R6PSPWMYLNKG,1500.00,Valid,"04-Jan-2020 12:13 AM"
KPFVIYGV7XCK,1500.00,Valid,"04-Jan-2020 12:13 AM"
FEJ2K0JCIZCC,1500.00,Valid,"04-Jan-2020 12:13 AM"
J1HVAFHYTBWC,1500.00,Valid,"04-Jan-2020 12:13 AM"
JUDJ2GS7QTS8,1500.00,Valid,"04-Jan-2020 12:13 AM"
SWZDG8FS2O00,1500.00,Valid,"04-Jan-2020 12:13 AM"
H793P2EFTDS0,1500.00,Valid,"04-Jan-2020 12:13 AM"
Q6EEDBGN5JKC,1500.00,Valid,"04-Jan-2020 12:13 AM"
64M7NYFYECKK,1500.00,Valid,"04-Jan-2020 12:13 AM"
K6ES89NNS5C4,1500.00,Valid,"04-Jan-2020 12:13 AM"
JKIIQN76AQOK,1500.00,Valid,"04-Jan-2020 12:13 AM"
PZSB2WY4DUS0,1500.00,Valid,"04-Jan-2020 12:13 AM"
E18XEJTQEPWK,1500.00,Valid,"04-Jan-2020 12:13 AM"
FNGABX4VKC0S,1500.00,Valid,"04-Jan-2020 12:13 AM"
GCMSFW0G9544,1500.00,Valid,"04-Jan-2020 12:13 AM"
8W5SAUJOE78K,1500.00,Valid,"04-Jan-2020 12:13 AM"
G80H9HVTIUGO,1500.00,Valid,"04-Jan-2020 12:13 AM"
P6IK6Y1Y9VK0,1500.00,Valid,"04-Jan-2020 12:13 AM"
C348ZFMYIBCW,1500.00,Valid,"04-Jan-2020 12:13 AM"
4K4474X1I2W4,1500.00,Valid,"04-Jan-2020 12:13 AM"
DPDOS1O1MPWK,1500.00,Valid,"04-Jan-2020 12:13 AM"
13GBFX4QPU9W,1500.00,Valid,"04-Jan-2020 12:13 AM"
M9BDWWW8MV4W,1500.00,Valid,"04-Jan-2020 12:13 AM"
RAMJU7GRFLWG,1500.00,Valid,"04-Jan-2020 12:13 AM"
E47BDFYKVLKW,1500.00,Valid,"04-Jan-2020 12:13 AM"
7L5WWSBW3ICK,1500.00,Valid,"04-Jan-2020 12:13 AM"
QCRB74B3UA88,1500.00,Valid,"04-Jan-2020 12:13 AM"
KIXR0K991LWW,1500.00,Valid,"04-Jan-2020 12:13 AM"
N7JVR63NCCG4,1500.00,Valid,"04-Jan-2020 12:13 AM"
5C1CDW0H54W0,1500.00,Valid,"04-Jan-2020 12:13 AM"
OD0CW4I8EUOO,1500.00,Valid,"04-Jan-2020 12:13 AM"
BZJKF40RXNW4,1500.00,Valid,"04-Jan-2020 12:13 AM"
E6P52291SRKK,1500.00,Valid,"04-Jan-2020 12:13 AM"
NKCFU5ZLXISC,1500.00,Valid,"04-Jan-2020 12:13 AM"
8M8CTNMYJC4K,1500.00,Valid,"04-Jan-2020 12:13 AM"
OZ7Y6IHAKEOC,1500.00,Valid,"04-Jan-2020 12:13 AM"
6MPIEZR2R008,1500.00,Valid,"04-Jan-2020 12:13 AM"
F7XIT31Q6WOW,1500.00,Valid,"04-Jan-2020 12:13 AM"
CQKV5YDQFUGW,1500.00,Valid,"04-Jan-2020 12:13 AM"
HP7776JHMPWG,1500.00,Valid,"04-Jan-2020 12:13 AM"
J138LW0TVR40,1500.00,Valid,"04-Jan-2020 12:13 AM"
HP41NFFXPVCW,1500.00,Valid,"04-Jan-2020 12:13 AM"
O101G340BNK0,1500.00,Valid,"04-Jan-2020 12:13 AM"
NSXNJNKTHZ4W,1500.00,Valid,"04-Jan-2020 12:13 AM"
I8P6NR3NCXWG,1500.00,Valid,"04-Jan-2020 12:13 AM"
O56W1XXMEO04,1500.00,Valid,"04-Jan-2020 12:13 AM"
2GRTY2ITTQSK,1500.00,Valid,"04-Jan-2020 12:13 AM"
GGYXKP1KAPWG,1500.00,Valid,"04-Jan-2020 12:13 AM"
CH1Y0F5AWIOG,1500.00,Valid,"04-Jan-2020 12:13 AM"
CUWVVBFR5BSW,1500.00,Valid,"04-Jan-2020 12:13 AM"
7F8FY0KV2LSS,1500.00,Valid,"04-Jan-2020 12:13 AM"
PP5UQIAIU0GS,1500.00,Valid,"04-Jan-2020 12:13 AM"
9CVF9DBJX2KO,1500.00,Valid,"04-Jan-2020 12:13 AM"
SX4JP48O8Y8C,1500.00,Valid,"04-Jan-2020 12:13 AM"
1198IT1YEXB4,1500.00,Valid,"04-Jan-2020 12:13 AM"
T0OVRJVXH28G,1500.00,Valid,"04-Jan-2020 12:13 AM"
C5Q1HKIJ1QG4,1500.00,Valid,"04-Jan-2020 12:13 AM"
DN2VKQCUE144,1500.00,Valid,"04-Jan-2020 12:13 AM"
C97QYE1U3NCW,1500.00,Valid,"04-Jan-2020 12:13 AM"
IZ3OOHBW1VK0,1500.00,Valid,"04-Jan-2020 12:13 AM"
G3GY7W87SAGW,1500.00,Valid,"04-Jan-2020 12:13 AM"
F4WEFPMT648W,1500.00,Valid,"04-Jan-2020 12:13 AM"
6SHWSR3U49C8,1500.00,Valid,"04-Jan-2020 12:13 AM"
2XOJNRJQSOIS,1500.00,Valid,"04-Jan-2020 12:13 AM"
GEUS3ZSSJOGG,1500.00,Valid,"04-Jan-2020 12:13 AM"
IOEJGZZ8NRSC,1500.00,Valid,"04-Jan-2020 12:13 AM"
QULWLW4NWASG,1500.00,Valid,"04-Jan-2020 12:13 AM"
KXH5DPAFI9SW,1500.00,Valid,"04-Jan-2020 12:13 AM"
1J8D28AGU4YS,1500.00,Valid,"04-Jan-2020 12:13 AM"
T9D22P8K6DCW,1500.00,Valid,"04-Jan-2020 12:13 AM"
I57TPU11UHSG,1500.00,Valid,"04-Jan-2020 12:13 AM"
LD4BQTYX8Y88,1500.00,Valid,"04-Jan-2020 12:13 AM"
BTOKSF4TI800,1500.00,Valid,"04-Jan-2020 12:13 AM"
2XUQVEFMHJI8,1500.00,Valid,"04-Jan-2020 12:13 AM"
M1RYER4GX1WO,1500.00,Valid,"04-Jan-2020 12:13 AM"
S7Q1E9K1A5CG,1500.00,Valid,"04-Jan-2020 12:13 AM"
N22Z65ARZ1CG,1500.00,Valid,"04-Jan-2020 12:13 AM"
2M7IHT4ITCYS,1500.00,Valid,"04-Jan-2020 12:13 AM"
SW4MBSTTNEO4,1500.00,Valid,"04-Jan-2020 12:13 AM"
TDY04EUP2TWS,1500.00,Valid,"04-Jan-2020 12:13 AM"
SANZ6P2Z234C,1500.00,Valid,"04-Jan-2020 12:13 AM"
KWKG12HRO5S8,1500.00,Valid,"04-Jan-2020 12:13 AM"
MYFHLX834IOG,1500.00,Valid,"04-Jan-2020 12:13 AM"
SOKWD861YMO8,1500.00,Valid,"04-Jan-2020 12:13 AM"
2YIX4SXARQIO,1500.00,Valid,"04-Jan-2020 12:13 AM"
QSXP5CHP1Q80,1500.00,Valid,"04-Jan-2020 12:13 AM"
SNG10IISY1W4,1500.00,Valid,"04-Jan-2020 12:13 AM"
MWBIK1516WGO,1500.00,Valid,"04-Jan-2020 12:13 AM"
B06PM24816GW,1500.00,Valid,"04-Jan-2020 12:13 AM"
OLM2HNIP5E88,1500.00,Valid,"04-Jan-2020 12:13 AM"
SMWMOJWVPW0C,1500.00,Valid,"04-Jan-2020 12:13 AM"
J20JI3R0IZKG,1500.00,Valid,"04-Jan-2020 12:13 AM"
M90KO6MLIY8O,1500.00,Valid,"04-Jan-2020 12:13 AM"
E3C3R3G9K7K8,1500.00,Valid,"04-Jan-2020 12:13 AM"
FYBYA5WGPEOK,1500.00,Valid,"04-Jan-2020 12:13 AM"
4Y28138IPG0S,1500.00,Valid,"04-Jan-2020 12:13 AM"
R3VX77CX05WS,1500.00,Valid,"04-Jan-2020 12:13 AM"
RRWY1OM41NKK,1500.00,Valid,"04-Jan-2020 12:13 AM"
T1GXI9OIIPWG,1500.00,Valid,"04-Jan-2020 12:13 AM"
RORTX4RNMV40,1500.00,Valid,"04-Jan-2020 12:13 AM"
SP6J6NQG140G,1500.00,Valid,"04-Jan-2020 12:13 AM"
41UYG4CGQQYO,1500.00,Valid,"04-Jan-2020 12:13 AM"
A5P9EDOP0JK0,1500.00,Valid,"04-Jan-2020 12:13 AM"
9C2WZD5EF3KS,1500.00,Valid,"04-Jan-2020 12:13 AM"
FOAR1SG03U0O,1500.00,Valid,"04-Jan-2020 12:13 AM"
5E1MQ6HWIQCC,1500.00,Valid,"04-Jan-2020 12:13 AM"
LU5Z4NPXDAO8,1500.00,Valid,"04-Jan-2020 12:13 AM"
ASLR98HMIT4W,1500.00,Valid,"04-Jan-2020 12:13 AM"
KV3QXZTUYFKC,1500.00,Valid,"04-Jan-2020 12:13 AM"
GGTMH9K4ROGK,1500.00,Valid,"04-Jan-2020 12:13 AM"
41YLWMFYPGOW,1500.00,Valid,"04-Jan-2020 12:13 AM"
S9AJEZJ90OGO,1500.00,Valid,"04-Jan-2020 12:13 AM"
J1R7WY9P05C0,1500.00,Valid,"04-Jan-2020 12:13 AM"
SCIBUTC2DZ44,1500.00,Valid,"04-Jan-2020 12:13 AM"
PPGD5TZ8SW04,1500.00,Valid,"04-Jan-2020 12:13 AM"
HLYEH2F8DZC4,1500.00,Valid,"04-Jan-2020 12:13 AM"
M8RPFEKINESK,1500.00,Valid,"04-Jan-2020 12:13 AM"
RRJ1XGS5FFKK,1500.00,Valid,"04-Jan-2020 12:13 AM"
RLZ29CC9WUSS,1500.00,Valid,"04-Jan-2020 12:13 AM"
7AE6208WIUG4,1500.00,Valid,"04-Jan-2020 12:13 AM"
L41SAQQY6I8S,1500.00,Valid,"04-Jan-2020 12:13 AM"
4KR3TIXZMJGG,1500.00,Valid,"04-Jan-2020 12:13 AM"
48909JY6ON6S,1500.00,Valid,"04-Jan-2020 12:13 AM"
M51ONQBWL68O,1500.00,Valid,"04-Jan-2020 12:13 AM"
NTNVOU94OU84,1500.00,Valid,"04-Jan-2020 12:13 AM"
7RMO10V9QEWW,1500.00,Valid,"04-Jan-2020 12:13 AM"
8KCB9JR3VHWC,1500.00,Valid,"04-Jan-2020 12:13 AM"
JH4YI0EBAQOG,1500.00,Valid,"04-Jan-2020 12:13 AM"
7P76M05MD38K,1500.00,Valid,"04-Jan-2020 12:13 AM"
JLOPP9VSOHS0,1500.00,Valid,"04-Jan-2020 12:13 AM"
AN3W1PZDNS0K,1500.00,Valid,"04-Jan-2020 12:13 AM"
J3JVIMAB54OW,1500.00,Valid,"04-Jan-2020 12:13 AM"
JDIHXIGT5FCW,1500.00,Valid,"04-Jan-2020 12:13 AM"
4DDU76HI3Q68,1500.00,Valid,"04-Jan-2020 12:13 AM"
M4TJAZHO9HWS,1500.00,Valid,"04-Jan-2020 12:13 AM"
T9Y70TVVLJ4W,1500.00,Valid,"04-Jan-2020 12:13 AM"
IKYZ81ASULCK,1500.00,Valid,"04-Jan-2020 12:13 AM"
PVY796O2OF4G,1500.00,Valid,"04-Jan-2020 12:13 AM"
CUH31L3DEDC0,1500.00,Valid,"04-Jan-2020 12:13 AM"
NRPAYKJN7I8W,1500.00,Valid,"04-Jan-2020 12:13 AM"
4R8ET804MPOG,1500.00,Valid,"04-Jan-2020 12:13 AM"
JMPYOJUUZN4S,1500.00,Valid,"04-Jan-2020 12:13 AM"
LBOLSUQ9O5S8,1500.00,Valid,"04-Jan-2020 12:13 AM"
K9JRBQCSWKGK,1500.00,Valid,"04-Jan-2020 12:13 AM"
51XVZDO2OKWS,1500.00,Valid,"04-Jan-2020 12:13 AM"
3BPJZ2OMW3S4,1500.00,Valid,"04-Jan-2020 12:13 AM"
N2VDR12U4DCG,1500.00,Valid,"04-Jan-2020 12:13 AM"
LDPS6Y7D7LWG,1500.00,Valid,"04-Jan-2020 12:13 AM"
J1W3GWPZKX4O,1500.00,Valid,"04-Jan-2020 12:13 AM"
NUWTNJL04RKG,1500.00,Valid,"04-Jan-2020 12:13 AM"
MG1M8K0NBZ4K,1500.00,Valid,"04-Jan-2020 12:13 AM"
OP5FXSPR2AS4,1500.00,Valid,"04-Jan-2020 12:13 AM"
Q2DTPF3RY34C,1500.00,Valid,"04-Jan-2020 12:13 AM"
SSB8VRHXH2OO,1500.00,Valid,"04-Jan-2020 12:13 AM"
1AURCAFZ3KBO,1500.00,Valid,"04-Jan-2020 12:13 AM"
H7RKO0SRUS8C,1500.00,Valid,"04-Jan-2020 12:13 AM"
4TMUX0RS9R40,1500.00,Valid,"04-Jan-2020 12:13 AM"
CUTCII6T93WW,1500.00,Valid,"04-Jan-2020 12:13 AM"
H4SWJXKA2ZSO,1500.00,Valid,"04-Jan-2020 12:13 AM"
NAL1UJY1TPW8,1500.00,Valid,"04-Jan-2020 12:13 AM"
SW593T3584GK,1500.00,Valid,"04-Jan-2020 12:13 AM"
9AHFNSH6O0SG,1500.00,Valid,"04-Jan-2020 12:13 AM"
58YPLUNIBQ80,1500.00,Valid,"04-Jan-2020 12:13 AM"
H3LT02Q2CRSO,1500.00,Valid,"04-Jan-2020 12:13 AM"
IC4MC1O84SO4,1500.00,Valid,"04-Jan-2020 12:13 AM"
77LVVD9ED64O,1500.00,Valid,"04-Jan-2020 12:13 AM"
T8ZAUOULXF4S,1500.00,Valid,"04-Jan-2020 12:13 AM"
MDJYR08QFFKG,1500.00,Valid,"04-Jan-2020 12:13 AM"
C8L8IJ3X1NSO,1500.00,Valid,"04-Jan-2020 12:13 AM"
J1BT4PGZWHKW,1500.00,Valid,"04-Jan-2020 12:13 AM"
TTLKF4I385C0,1500.00,Valid,"04-Jan-2020 12:13 AM"
4BF3UQW50TA8,1500.00,Valid,"04-Jan-2020 12:13 AM"
Q7XLNZAKHJ4W,1500.00,Valid,"04-Jan-2020 12:13 AM"
I0X3X26KIFC4,1500.00,Valid,"04-Jan-2020 12:13 AM"
TUSKXUDWE9WG,1500.00,Valid,"04-Jan-2020 12:13 AM"
T8GE1YJIILW8,1500.00,Valid,"04-Jan-2020 12:13 AM"
EABGKVY2NMGC,1500.00,Valid,"04-Jan-2020 12:13 AM"
NSG2J0C73MS0,1500.00,Valid,"04-Jan-2020 12:13 AM"
DE67H8BMYIGW,1500.00,Valid,"04-Jan-2020 12:13 AM"
2LWCKEAGVVS4,1500.00,Valid,"04-Jan-2020 12:13 AM"
3JXGPSLXE36S,1500.00,Valid,"04-Jan-2020 12:13 AM"
HHERAJOR40OC,1500.00,Valid,"04-Jan-2020 12:13 AM"
HYE63N2OB3SW,1500.00,Valid,"04-Jan-2020 12:13 AM"
7CJGDPNXEHS0,1500.00,Valid,"04-Jan-2020 12:13 AM"
888XSUAI3R40,1500.00,Valid,"04-Jan-2020 12:13 AM"
DDM8E6IKW3S4,1500.00,Valid,"04-Jan-2020 12:13 AM"
1J4YMIVUT2F4,1500.00,Valid,"04-Jan-2020 12:13 AM"
C9FLZ1ZMYCGG,1500.00,Valid,"04-Jan-2020 12:13 AM"
9GNEXZPP7M04,1500.00,Valid,"04-Jan-2020 12:13 AM"
19M9SCDTUN9C,1500.00,Valid,"04-Jan-2020 12:13 AM"
OZ0YSYCFKQO4,1500.00,Valid,"04-Jan-2020 12:13 AM"
PXTIUZA56G0K,1500.00,Valid,"04-Jan-2020 12:13 AM"
DPMD9I8ELNKG,1500.00,Valid,"04-Jan-2020 12:13 AM"
7HSIMP9MOA88,1500.00,Valid,"04-Jan-2020 12:13 AM"
E2PKWCK1NDC8,1500.00,Valid,"04-Jan-2020 12:13 AM"
T1X7LYK5ZE8S,1500.00,Valid,"04-Jan-2020 12:13 AM"
IRZ6GHSKCDW8,1500.00,Valid,"04-Jan-2020 12:13 AM"
69YKHLCQEOKC,1500.00,Valid,"04-Jan-2020 12:13 AM"
MZ01OXC2MV4W,1500.00,Valid,"04-Jan-2020 12:13 AM"
NNDX5JWHEXW4,1500.00,Valid,"04-Jan-2020 12:13 AM"
RP9G5XH0XHWS,1500.00,Valid,"04-Jan-2020 12:13 AM"
M84BQH8XYE8K,1500.00,Valid,"04-Jan-2020 12:13 AM"
N0IJSJZ28TW8,1500.00,Valid,"04-Jan-2020 12:13 AM"
OQB1B9APQZKK,1500.00,Valid,"04-Jan-2020 12:13 AM"
H410BVTZC8OW,1500.00,Valid,"04-Jan-2020 12:13 AM"
P87ZEX7ZUG0K,1500.00,Valid,"04-Jan-2020 12:13 AM"
S2LDH8B5HS04,1500.00,Valid,"04-Jan-2020 12:13 AM"
BJOLCDPVY5W8,1500.00,Valid,"04-Jan-2020 12:13 AM"
1PAD64Q0OJOK,1500.00,Valid,"04-Jan-2020 12:13 AM"
JAW7M8OQP7KG,1500.00,Valid,"04-Jan-2020 12:13 AM"
OZJGX5B8BN4S,1500.00,Valid,"04-Jan-2020 12:13 AM"
AAQUJGKMR4WG,1500.00,Valid,"04-Jan-2020 12:13 AM"
536OWDBPQO84,1500.00,Valid,"04-Jan-2020 12:13 AM"
1FC929XZ3EKG,1500.00,Valid,"04-Jan-2020 12:13 AM"
IFBCY0BYWMGO,1500.00,Valid,"04-Jan-2020 12:13 AM"
9FMGP2HLVOWS,1500.00,Valid,"04-Jan-2020 12:13 AM"
J2V2937PUEGO,1500.00,Valid,"04-Jan-2020 12:13 AM"
QH5W5IFMGFKO,1500.00,Valid,"04-Jan-2020 12:13 AM"
1DID5V5IRXLW,1500.00,Valid,"04-Jan-2020 12:13 AM"
BKK4CVNOXDS0,1500.00,Valid,"04-Jan-2020 12:13 AM"
AJY5LI9YM9S0,1500.00,Valid,"04-Jan-2020 12:13 AM"
BIRM411JD9CK,1500.00,Valid,"04-Jan-2020 12:13 AM"
6OTMT1JTQT4W,1500.00,Valid,"04-Jan-2020 12:13 AM"
2ZBMIH660RWG,1500.00,Valid,"04-Jan-2020 12:13 AM"
EE3ZQTOZJ688,1500.00,Valid,"04-Jan-2020 12:13 AM"
FYV17T660Z4S,1500.00,Valid,"04-Jan-2020 12:13 AM"
O6Q42J81BNK4,1500.00,Valid,"04-Jan-2020 12:13 AM"
3ZMLH6C9212C,1500.00,Valid,"04-Jan-2020 12:13 AM"
R8QZ46X1J9CW,1500.00,Valid,"04-Jan-2020 12:13 AM"
JU7LFQF4UV4W,1500.00,Valid,"04-Jan-2020 12:13 AM"
HO65ZF60U1W0,1500.00,Valid,"04-Jan-2020 12:13 AM"
DAAWKEU15JC4,1500.00,Valid,"04-Jan-2020 12:13 AM"
T44GD5J9H68O,1500.00,Valid,"04-Jan-2020 12:13 AM"
D5AIKQ6XKK8C,1500.00,Valid,"04-Jan-2020 12:13 AM"
Q28Z9WFEI74G,1500.00,Valid,"04-Jan-2020 12:13 AM"
MUM5RW4J4N4W,1500.00,Valid,"04-Jan-2020 12:13 AM"
8RY8YHMRVMCC,1500.00,Valid,"04-Jan-2020 12:13 AM"
SG19WK9VWISW,1500.00,Valid,"04-Jan-2020 12:13 AM"
IVKDAJ4N0YOG,1500.00,Valid,"04-Jan-2020 12:13 AM"
13JRYB77PI2O,1500.00,Valid,"04-Jan-2020 12:13 AM"
QMOAA3STHBKS,1500.00,Valid,"04-Jan-2020 12:13 AM"
DT1TZ5DTVGG0,1500.00,Valid,"04-Jan-2020 12:13 AM"
I68B4C0V9TCS,1500.00,Valid,"04-Jan-2020 12:13 AM"
6TGGNV8LNJ8K,1500.00,Valid,"04-Jan-2020 12:13 AM"
D3VUMO1SP80S,1500.00,Valid,"04-Jan-2020 12:13 AM"
8WEX2PJV7WG0,1500.00,Valid,"04-Jan-2020 12:13 AM"
E3XTK5BZS740,1500.00,Valid,"04-Jan-2020 12:13 AM"
6SR1FJ5Z8WW0,1500.00,Valid,"04-Jan-2020 12:13 AM"
7Z0S8GM48A4O,1500.00,Valid,"04-Jan-2020 12:13 AM"
2LX9VG1JED0K,1500.00,Valid,"04-Jan-2020 12:13 AM"
5MQPAMDABOW8,1500.00,Valid,"04-Jan-2020 12:13 AM"
NAP99KJVYDC4,1500.00,Valid,"04-Jan-2020 12:13 AM"
71R1Y1J6VCGS,1500.00,Valid,"04-Jan-2020 12:13 AM"
5130QW75W9OG,1500.00,Valid,"04-Jan-2020 12:13 AM"
A8PDKUGDZV48,1500.00,Valid,"04-Jan-2020 12:13 AM"
PZ3XVCMBMM84,1500.00,Valid,"04-Jan-2020 12:13 AM"
HNQKJE2MS4GK,1500.00,Valid,"04-Jan-2020 12:13 AM"
P9BGHZW1EV40,1500.00,Valid,"04-Jan-2020 12:13 AM"
AP40JQC2DQG4,1500.00,Valid,"04-Jan-2020 12:13 AM"
3SFEB1GJK2WW,1500.00,Valid,"04-Jan-2020 12:13 AM"
E406SI8S6XKC,1500.00,Valid,"04-Jan-2020 12:13 AM"
796SZ7CEHNGG,1500.00,Valid,"04-Jan-2020 12:13 AM"
DSWWE5IXA54C,1500.00,Valid,"04-Jan-2020 12:13 AM"
AAIRJPKGX9SS,1500.00,Valid,"04-Jan-2020 12:13 AM"
HW2Z6X0PWPKC,1500.00,Valid,"04-Jan-2020 12:13 AM"
BWOI8WW61COC,1500.00,Valid,"04-Jan-2020 12:13 AM"
8PD2AWHSLFK0,1500.00,Valid,"04-Jan-2020 12:13 AM"
BHC9NJYSIE8G,1500.00,Valid,"04-Jan-2020 12:13 AM"
EGBL19Q6AXSK,1500.00,Valid,"04-Jan-2020 12:13 AM"
BKAKCYGEWM8K,1500.00,Valid,"04-Jan-2020 12:13 AM"
7DTACCGY12G4,1500.00,Valid,"04-Jan-2020 12:13 AM"
403E29IDJH8G,1500.00,Valid,"04-Jan-2020 12:13 AM"
RHM1LRNW9008,1500.00,Valid,"04-Jan-2020 12:13 AM"
2756DS8I2NGG,1500.00,Valid,"04-Jan-2020 12:13 AM"
Y4HOGJAAWVKS,1500.00,Valid,"04-Jan-2020 12:13 AM"
JWXVA31EIRK0,1500.00,Valid,"04-Jan-2020 12:13 AM"
6SBFRKNZ8V8K,1500.00,Valid,"04-Jan-2020 12:13 AM"
TS1XHO3FPMSK,1500.00,Valid,"04-Jan-2020 12:13 AM"
I5XQXAWHKX4O,1500.00,Valid,"04-Jan-2020 12:13 AM"
K93VR6FAZQ8K,1500.00,Valid,"04-Jan-2020 12:13 AM"
MJHRWK5ZLASS,1500.00,Valid,"04-Jan-2020 12:13 AM"
DBV7VFDMZRSC,1500.00,Valid,"04-Jan-2020 12:13 AM"
BNSPBSL08QGW,1500.00,Valid,"04-Jan-2020 12:13 AM"
9HZ0X5MY8SG0,1500.00,Valid,"04-Jan-2020 12:13 AM"
3ZSYTYPVD96O,1500.00,Valid,"04-Jan-2020 12:13 AM"
5CYXKJXV36KG,1500.00,Valid,"04-Jan-2020 12:13 AM"
TQ78DEN1VZKO,1500.00,Valid,"04-Jan-2020 12:13 AM"
RC5W7TZUEZ4C,1500.00,Valid,"04-Jan-2020 12:13 AM"
CGXAL0ZBS1WK,1500.00,Valid,"04-Jan-2020 12:13 AM"
M9SY1QG7774O,1500.00,Valid,"04-Jan-2020 12:13 AM"
FZ7V3ZIXJVKK,1500.00,Valid,"04-Jan-2020 12:13 AM"
2V1ZK40IWUAS,1500.00,Valid,"04-Jan-2020 12:13 AM"
R5UCA4ZCZS0G,1500.00,Valid,"04-Jan-2020 12:13 AM"
92V7TJARCSW8,1500.00,Valid,"04-Jan-2020 12:13 AM"
J8WXBQPZX8G0,1500.00,Valid,"04-Jan-2020 12:13 AM"
9OFHYU63SXCS,1500.00,Valid,"04-Jan-2020 12:13 AM"
MF8U2ZIN8E84,1500.00,Valid,"04-Jan-2020 12:13 AM"
BWMQF11CYVWW,1500.00,Valid,"04-Jan-2020 12:13 AM"
B2X27Z5YFAWW,1500.00,Valid,"04-Jan-2020 12:13 AM"
QX1VV8DP6E8G,1500.00,Valid,"04-Jan-2020 12:13 AM"
5KRAGHEZSPOG,1500.00,Valid,"04-Jan-2020 12:13 AM"
P3MU2SGXNTWW,1500.00,Valid,"04-Jan-2020 12:13 AM"
ANWGWS68RS0K,1500.00,Valid,"04-Jan-2020 12:13 AM"
1ZHLIPLNFXPC,1500.00,Valid,"04-Jan-2020 12:13 AM"
JASROWO7CHWK,1500.00,Valid,"04-Jan-2020 12:13 AM"
RCAN19SB4BKG,1500.00,Valid,"04-Jan-2020 12:13 AM"
JF9VSH3WJU8S,1500.00,Valid,"04-Jan-2020 12:13 AM"
S77ZT45QR280,1500.00,Valid,"04-Jan-2020 12:13 AM"
FC0VY38YG0G8,1500.00,Valid,"04-Jan-2020 12:13 AM"
SWI3U8ZP98G0,1500.00,Valid,"04-Jan-2020 12:13 AM"
RY6R2T5LMO00,1500.00,Valid,"04-Jan-2020 12:13 AM"
H9VWA6FCCHCS,1500.00,Valid,"04-Jan-2020 12:13 AM"
R10QP90HOSG4,1500.00,Valid,"04-Jan-2020 12:13 AM"
B5JVJYVV0T4C,1500.00,Valid,"04-Jan-2020 12:13 AM"
F9Q7QYWGEB4S,1500.00,Valid,"04-Jan-2020 12:13 AM"
MUZV5XY5D28K,1500.00,Valid,"04-Jan-2020 12:13 AM"
EZVN1WEIKA0O,1500.00,Valid,"04-Jan-2020 12:13 AM"
QPCUYX0QUI8S,1500.00,Valid,"04-Jan-2020 12:13 AM"
I7LE9Z040NSC,1500.00,Valid,"04-Jan-2020 12:13 AM"
4AX5KEF5O1OG,1500.00,Valid,"04-Jan-2020 12:13 AM"
AF6S7NOPKGG8,1500.00,Valid,"04-Jan-2020 12:13 AM"
2KADS6XCFTIC,1500.00,Valid,"04-Jan-2020 12:13 AM"
K5ZWKHOET40K,1500.00,Valid,"04-Jan-2020 12:13 AM"
J1FA9PNFMCGK,1500.00,Valid,"04-Jan-2020 12:13 AM"
II0DNR6EUOOC,1500.00,Valid,"04-Jan-2020 12:13 AM"
PYXA47AKLQ80,1500.00,Valid,"04-Jan-2020 12:13 AM"
OG6Y9Y38GUOC,1500.00,Valid,"04-Jan-2020 12:13 AM"
A4OMQI0GY0GS,1500.00,Valid,"04-Jan-2020 12:13 AM"
C9QB70O0JIG4,1500.00,Valid,"04-Jan-2020 12:13 AM"
T21HIPWC3LWG,1500.00,Valid,"04-Jan-2020 12:13 AM"
3LQ3FWUN9BK0,1500.00,Valid,"04-Jan-2020 12:13 AM"
EW7IU5V0N54O,1500.00,Valid,"04-Jan-2020 12:13 AM"
6B3K8IE1K9CS,1500.00,Valid,"04-Jan-2020 12:13 AM"
5T7T2NKP44SO,1500.00,Valid,"04-Jan-2020 12:13 AM"
E4TCFOWZO2OK,1500.00,Valid,"04-Jan-2020 12:13 AM"
DTTFV4QPRLWK,1500.00,Valid,"04-Jan-2020 12:13 AM"
NGCH8QWAAPCO,1500.00,Valid,"04-Jan-2020 12:13 AM"
EHHK3F8BE5W8,1500.00,Valid,"04-Jan-2020 12:13 AM"
TOMMXUD49HC0,1500.00,Valid,"04-Jan-2020 12:13 AM"
7SJEW6Y80QW4,1500.00,Valid,"04-Jan-2020 12:13 AM"
HQD26L5Y82GC,1500.00,Valid,"04-Jan-2020 12:13 AM"
7BMKU11EYCKK,1500.00,Valid,"04-Jan-2020 12:13 AM"
JRY8JG5VRUOW,1500.00,Valid,"04-Jan-2020 12:13 AM"
8XYN05LF4T8G,1500.00,Valid,"04-Jan-2020 12:13 AM"
JM4P7RHOJZCO,1500.00,Valid,"04-Jan-2020 12:13 AM"
HWVBIRUHUNWC,1500.00,Valid,"04-Jan-2020 12:13 AM"
7RU4PZDTG0OW,1500.00,Valid,"04-Jan-2020 12:13 AM"
7VJJOD2ZEYO0,1500.00,Valid,"04-Jan-2020 12:13 AM"
MVZQI2C298G4,1500.00,Valid,"04-Jan-2020 12:13 AM"
F2LPRYDONW8W,1500.00,Valid,"04-Jan-2020 12:13 AM"
B3V2MDUGZD44,1500.00,Valid,"04-Jan-2020 12:13 AM"
AKO88O05LRSW,1500.00,Valid,"04-Jan-2020 12:13 AM"
2RNDDDOUH24G,1500.00,Valid,"04-Jan-2020 12:13 AM"
SJWB9CLR7JKS,1500.00,Valid,"04-Jan-2020 12:13 AM"
2OFH1QDP2280,1500.00,Valid,"04-Jan-2020 12:13 AM"
BBMUEAW085K4,1500.00,Valid,"04-Jan-2020 12:13 AM"
7L2MJ01DX7OK,1500.00,Valid,"04-Jan-2020 12:13 AM"
G0GDYJGW0KGG,1500.00,Valid,"04-Jan-2020 12:13 AM"
O9U8E6922Y8S,1500.00,Valid,"04-Jan-2020 12:13 AM"
SDI1FT6NXOGW,1500.00,Valid,"04-Jan-2020 12:13 AM"
5UJ6C2HUQCKK,1500.00,Valid,"04-Jan-2020 12:13 AM"
LNX87EA72TC0,1500.00,Valid,"04-Jan-2020 12:13 AM"
H9YX6TJVPUOG,1500.00,Valid,"04-Jan-2020 12:13 AM"
3RLPH1KTLIO0,1500.00,Valid,"04-Jan-2020 12:13 AM"
72Q94UD73I80,1500.00,Valid,"04-Jan-2020 12:13 AM"
MNHEWQXMCYOG,1500.00,Valid,"04-Jan-2020 12:13 AM"
4FSCMCLXTJ40,1500.00,Valid,"04-Jan-2020 12:13 AM"
6QPD3GRUXZWG,1500.00,Valid,"04-Jan-2020 12:13 AM"
8N728HFUJT0K,1500.00,Valid,"04-Jan-2020 12:13 AM"
H1988D9YVXKO,1500.00,Valid,"04-Jan-2020 12:13 AM"
PCF3MHX0P3K8,1500.00,Valid,"04-Jan-2020 12:13 AM"
89AURNMOSB8C,1500.00,Valid,"04-Jan-2020 12:13 AM"
FMGY697MPY8K,1500.00,Valid,"04-Jan-2020 12:13 AM"
G7Y1QWJ4WLC0,1500.00,Valid,"04-Jan-2020 12:13 AM"
LOW8HD82L6O4,1500.00,Valid,"04-Jan-2020 12:13 AM"
8AR4CJ62IIO0,1500.00,Valid,"04-Jan-2020 12:13 AM"
II0XI6D6NPS8,1500.00,Valid,"04-Jan-2020 12:13 AM"
RJ7XZWFD9DWG,1500.00,Valid,"04-Jan-2020 12:13 AM"
CB3VX2XG0E0W,1500.00,Valid,"04-Jan-2020 12:13 AM"
DYSB9Q7GQ1SK,1500.00,Valid,"04-Jan-2020 12:13 AM"
E2WE6BHCH68S,1500.00,Valid,"04-Jan-2020 12:13 AM"
KH30BCENSU84,1500.00,Valid,"04-Jan-2020 12:13 AM"
HLXYEUUBG7C4,1500.00,Valid,"04-Jan-2020 12:13 AM"
7KDHEVB8NV8C,1500.00,Valid,"04-Jan-2020 12:13 AM"
2EUIEGSZIR8K,1500.00,Valid,"04-Jan-2020 12:13 AM"
59UBR0QPMX0K,1500.00,Valid,"04-Jan-2020 12:13 AM"
7T2ZHPL8YS08,1500.00,Valid,"04-Jan-2020 12:13 AM"
70XC1UO1IC08,1500.00,Valid,"04-Jan-2020 12:13 AM"
5YYUPBQZNA0W,1500.00,Valid,"04-Jan-2020 12:13 AM"
KM3A3RACIBK4,1500.00,Valid,"04-Jan-2020 12:13 AM"
O6Y7HOAAJZKO,1500.00,Valid,"04-Jan-2020 12:13 AM"
8NAXEVVQIR4S,1500.00,Valid,"04-Jan-2020 12:13 AM"
TO1CNDTYS3KW,1500.00,Valid,"04-Jan-2020 12:13 AM"
3R6FEAGMUWKK,1500.00,Valid,"04-Jan-2020 12:13 AM"
9JLH71SL6BCW,1500.00,Valid,"04-Jan-2020 12:13 AM"
P4ZKWTSIGVKS,1500.00,Valid,"04-Jan-2020 12:13 AM"
32N594LFQTYC,1500.00,Valid,"04-Jan-2020 12:13 AM"
F92RWT9L0MGO,1500.00,Valid,"04-Jan-2020 12:13 AM"
9MJADDTKA2W4,1500.00,Valid,"04-Jan-2020 12:13 AM"
7UKJW7EAPZKS,1500.00,Valid,"04-Jan-2020 12:13 AM"
WNAW0D4KGLC0,1500.00,Valid,"04-Jan-2020 12:13 AM"
F2Q9Q3FQ8408,1500.00,Valid,"04-Jan-2020 12:13 AM"
B68YEVPSB2G4,1500.00,Valid,"04-Jan-2020 12:13 AM"
J3XX4XSTBJSW,1500.00,Valid,"04-Jan-2020 12:13 AM"
67VXJQDAW5OO,1500.00,Valid,"04-Jan-2020 12:13 AM"
61VO0KB1OYO0,1500.00,Valid,"04-Jan-2020 12:13 AM"
THOGEZBJYO0W,1500.00,Valid,"04-Jan-2020 12:13 AM"
A32EXDKUVS0G,1500.00,Valid,"04-Jan-2020 12:13 AM"
LEJ8QXF5D4GO,1500.00,Valid,"04-Jan-2020 12:13 AM"
LHDEPR0V9344,1500.00,Valid,"04-Jan-2020 12:13 AM"
302ZKKT4K0QO,1500.00,Valid,"04-Jan-2020 12:13 AM"
H2QVXTY2OXWK,1500.00,Valid,"04-Jan-2020 12:13 AM"
P709UCD4FGGW,1500.00,Valid,"04-Jan-2020 12:13 AM"
N1SL2DSICJ4S,1500.00,Valid,"04-Jan-2020 12:13 AM"
1H2AREDC3IRO,1500.00,Valid,"04-Jan-2020 12:13 AM"
6FOEJIQJKIKG,1500.00,Valid,"04-Jan-2020 12:13 AM"
1690NIF4IA3K,1500.00,Valid,"04-Jan-2020 12:13 AM"
GMN48W96C288,1500.00,Valid,"04-Jan-2020 12:13 AM"
NA56PLOUQDWS,1500.00,Valid,"04-Jan-2020 12:13 AM"
4YJUOIF95HGK,1500.00,Valid,"04-Jan-2020 12:13 AM"
QNCR70CGRO08,1500.00,Valid,"04-Jan-2020 12:13 AM"
TGOX2V6Y7XCG,1500.00,Valid,"04-Jan-2020 12:13 AM"
7CP73WNC3RK8,1500.00,Valid,"04-Jan-2020 12:13 AM"
6DUWS7AQX8SO,1500.00,Valid,"04-Jan-2020 12:13 AM"
KUDWZ03O4GG8,1500.00,Valid,"04-Jan-2020 12:13 AM"
PG5XJT2C3SGO,1500.00,Valid,"04-Jan-2020 12:13 AM"
BPR6I7M13H4C,1500.00,Valid,"04-Jan-2020 12:13 AM"
TN5LXR46P1CW,1500.00,Valid,"04-Jan-2020 12:13 AM"
LW3MB185KLC0,1500.00,Valid,"04-Jan-2020 12:13 AM"
NXMQQBDDWYOG,1500.00,Valid,"04-Jan-2020 12:13 AM"
MUYSR1ZZ6RK0,1500.00,Valid,"04-Jan-2020 12:13 AM"
L4A1XEJWC5WS,1500.00,Valid,"04-Jan-2020 12:13 AM"
FSGK6U2U92OS,1500.00,Valid,"04-Jan-2020 12:13 AM"
OG3BATSSBDC8,1500.00,Valid,"04-Jan-2020 12:13 AM"
RKZVBH96F284,1500.00,Valid,"04-Jan-2020 12:13 AM"
4GSOBRLA15WK,1500.00,Valid,"04-Jan-2020 12:13 AM"
G9SNRU5NLK0K,1500.00,Valid,"04-Jan-2020 12:13 AM"
58BHRDCQ56GW,1500.00,Valid,"04-Jan-2020 12:13 AM"
CQPL1STHEV40,1500.00,Valid,"04-Jan-2020 12:13 AM"
G2WLSH1BX20C,1500.00,Valid,"04-Jan-2020 12:13 AM"
6HVLPN7V1FK0,1500.00,Valid,"04-Jan-2020 12:13 AM"
JSS6EAJ165CK,1500.00,Valid,"04-Jan-2020 12:13 AM"
KMCRIHKS9XSC,1500.00,Valid,"04-Jan-2020 12:13 AM"
RZEDZ51UOV4K,1500.00,Valid,"04-Jan-2020 12:13 AM"
GYS96JYVYTC0,1500.00,Valid,"04-Jan-2020 12:13 AM"
D0DHGOBC1DCS,1500.00,Valid,"04-Jan-2020 12:13 AM"
863LV40LH9GK,1500.00,Valid,"04-Jan-2020 12:13 AM"
EUPGXS4Z0N40,1500.00,Valid,"04-Jan-2020 12:13 AM"
SPCQAOIS8CG4,1500.00,Valid,"04-Jan-2020 12:13 AM"
EPW9TY37968S,1500.00,Valid,"04-Jan-2020 12:13 AM"
RT5QTMX0CAO4,1500.00,Valid,"04-Jan-2020 12:13 AM"
EJ1RZ8FE2ZKK,1500.00,Valid,"04-Jan-2020 12:13 AM"
PWN40F4LN80C,1500.00,Valid,"04-Jan-2020 12:13 AM"
4R4QQ3IXP94W,1500.00,Valid,"04-Jan-2020 12:13 AM"
T2QMV3E1IA8C,1500.00,Valid,"04-Jan-2020 12:13 AM"
LC7ISA7JLJ44,1500.00,Valid,"04-Jan-2020 12:13 AM"
OW8ZRIHJFTW4,1500.00,Valid,"04-Jan-2020 12:13 AM"
22NN9YFX18YS,1500.00,Valid,"04-Jan-2020 12:13 AM"
4A171DNWL6WW,1500.00,Valid,"04-Jan-2020 12:13 AM"
8KQH104RK58G,1500.00,Valid,"04-Jan-2020 12:13 AM"
288JRX8UMMF4,1500.00,Valid,"04-Jan-2020 12:13 AM"
TTN157JGAU8K,1500.00,Valid,"04-Jan-2020 12:13 AM"
4EFXW82JNGU8,1500.00,Valid,"04-Jan-2020 12:13 AM"
4RSNONHTI7C4,1500.00,Valid,"04-Jan-2020 12:13 AM"
L8ONRMV0EYO4,1500.00,Valid,"04-Jan-2020 12:13 AM"
DJEL24NSCJ4S,1500.00,Valid,"04-Jan-2020 12:13 AM"
1VTQVT81SKTC,1500.00,Valid,"04-Jan-2020 12:13 AM"
RDWYV3IWAOG8,1500.00,Valid,"04-Jan-2020 12:13 AM"
39HQUHUF9PGK,1500.00,Valid,"04-Jan-2020 12:13 AM"
26ES4STOCNVO,1500.00,Valid,"04-Jan-2020 12:13 AM"
DC1KDLFTLUGC,1500.00,Valid,"04-Jan-2020 12:13 AM"
75EEPIKQB1GK,1500.00,Valid,"04-Jan-2020 12:13 AM"
F27B4DEQEFK8,1500.00,Valid,"04-Jan-2020 12:13 AM"
IXBD9TI8X0OO,1500.00,Valid,"04-Jan-2020 12:13 AM"
RS36E3AWBWG4,1500.00,Valid,"04-Jan-2020 12:13 AM"
NDZ0BOEO2W0G,1500.00,Valid,"04-Jan-2020 12:13 AM"
NYT8T4Q7WM8K,1500.00,Valid,"04-Jan-2020 12:13 AM"
IRGRG5YO0408,1500.00,Valid,"04-Jan-2020 12:13 AM"
7KBISUTBNZGO,1500.00,Valid,"04-Jan-2020 12:13 AM"
2VUHCISY9C2S,1500.00,Valid,"04-Jan-2020 12:13 AM"
A3TKCGDNO5C0,1500.00,Valid,"04-Jan-2020 12:13 AM"
4H9VBKCPKRCW,1500.00,Valid,"04-Jan-2020 12:13 AM"
3R2QL7GD1L44,1500.00,Valid,"04-Jan-2020 12:13 AM"
T85PR4R3A34C,1500.00,Valid,"04-Jan-2020 12:13 AM"
QZ6FW8W4GESS,1500.00,Valid,"04-Jan-2020 12:13 AM"
OJMGOEKSSR48,1500.00,Valid,"04-Jan-2020 12:13 AM"
I3N5ET0VRMOG,1500.00,Valid,"04-Jan-2020 12:13 AM"
TODLYH0XA2SG,1500.00,Valid,"04-Jan-2020 12:13 AM"
S7BS5W0KR74O,1500.00,Valid,"04-Jan-2020 12:13 AM"
HWHVYSNI7TW0,1500.00,Valid,"04-Jan-2020 12:13 AM"
9XHMNZCTGG00,1500.00,Valid,"04-Jan-2020 12:13 AM"
O8MDLPH7JGGW,1500.00,Valid,"04-Jan-2020 12:13 AM"
3RIGMC9HZPK4,1500.00,Valid,"04-Jan-2020 12:13 AM"
3VCU3QUDP6WW,1500.00,Valid,"04-Jan-2020 12:13 AM"
236W4XO9GZ28,1500.00,Valid,"04-Jan-2020 12:13 AM"
D8A7WMVUY7KS,1500.00,Valid,"04-Jan-2020 12:13 AM"
N63OPIM5FLCO,1500.00,Valid,"04-Jan-2020 12:13 AM"
AL8F5GD88JS4,1500.00,Valid,"04-Jan-2020 12:13 AM"
8SYWYGJKC9OG,1500.00,Valid,"04-Jan-2020 12:13 AM"
Q5CXGNDNLES0,1500.00,Valid,"04-Jan-2020 12:13 AM"
J10MZCN897KG,1500.00,Valid,"04-Jan-2020 12:13 AM"
L9QGH5FQQ804,1500.00,Valid,"04-Jan-2020 12:13 AM"
4XQCRKK5NOSO,1500.00,Valid,"04-Jan-2020 12:13 AM"
845HAEP2RCW0,1500.00,Valid,"04-Jan-2020 12:13 AM"
99OX9P669HC0,1500.00,Valid,"04-Jan-2020 12:13 AM"
LU9CXPNP5N4C,1500.00,Valid,"04-Jan-2020 12:13 AM"
TJW9MKKQE68W,1500.00,Valid,"04-Jan-2020 12:13 AM"
MN2IRIN61LC8,1500.00,Valid,"04-Jan-2020 12:13 AM"
LIENXYJ02VK8,1500.00,Valid,"04-Jan-2020 12:13 AM"
CEAQT5HY52OS,1500.00,Valid,"04-Jan-2020 12:13 AM"
QTGYJSZAO2S4,1500.00,Valid,"04-Jan-2020 12:13 AM"
7Z50E3JXCAW4,1500.00,Valid,"04-Jan-2020 12:13 AM"
19CEGVYSD4KG,1500.00,Valid,"04-Jan-2020 12:13 AM"
29EONJPHEY3O,1500.00,Valid,"04-Jan-2020 12:13 AM"
KXED55DSQN4K,1500.00,Valid,"04-Jan-2020 12:13 AM"
4MUJ05HMOMM8,1500.00,Valid,"04-Jan-2020 12:13 AM"
JT13LXXOSPSK,1500.00,Valid,"04-Jan-2020 12:13 AM"
5JHH5U9ZOUKO,1500.00,Valid,"04-Jan-2020 12:13 AM"
MAMTOG14DS0W,1500.00,Valid,"04-Jan-2020 12:13 AM"
1T884ASY9KSK,1500.00,Valid,"04-Jan-2020 12:13 AM"
FT5910JW9D4O,1500.00,Valid,"04-Jan-2020 12:13 AM"
2I7JQSJTHAG4,1500.00,Valid,"04-Jan-2020 12:13 AM"
HM2TKZNALF4S,1500.00,Valid,"04-Jan-2020 12:13 AM"
SDXUK9G0U8G8,1500.00,Valid,"04-Jan-2020 12:13 AM"
4RX3W8ONKZ6S,1500.00,Valid,"04-Jan-2020 12:13 AM"
1L9RHK5394XW,1500.00,Valid,"04-Jan-2020 12:13 AM"
8JAR9L2M4SO4,1500.00,Valid,"04-Jan-2020 12:13 AM"
KKLSU6CLSTCG,1500.00,Valid,"04-Jan-2020 12:13 AM"
5FD7RQXP6JGG,1500.00,Valid,"04-Jan-2020 12:13 AM"
PCJ4TVR4IG0K,1500.00,Valid,"04-Jan-2020 12:13 AM"
DFTZT8ICOCO4,1500.00,Valid,"04-Jan-2020 12:13 AM"
BBYW0RZXP9CG,1500.00,Valid,"04-Jan-2020 12:13 AM"
2FMYSZIDVCN4,1500.00,Valid,"04-Jan-2020 12:13 AM"
7TRO4SUNOD8G,1500.00,Valid,"04-Jan-2020 12:13 AM"
GSPHY4FDN3SW,1500.00,Valid,"04-Jan-2020 12:13 AM"
G65QH4RJ5R4G,1500.00,Valid,"04-Jan-2020 12:13 AM"
CX8R4OEADUGC,1500.00,Valid,"04-Jan-2020 12:13 AM"
HYDZY4M45QO8,1500.00,Valid,"04-Jan-2020 12:13 AM"
TGMQCGLXQ6SO,1500.00,Valid,"04-Jan-2020 12:13 AM"
9NOPFBLEVK84,1500.00,Valid,"04-Jan-2020 12:13 AM"
LOGWOR8ZYU8G,1500.00,Valid,"04-Jan-2020 12:13 AM"
2O6RNTDG8GOW,1500.00,Valid,"04-Jan-2020 12:13 AM"
AL7JK1ZJEY8S,1500.00,Valid,"04-Jan-2020 12:13 AM"
7FOJBZL02EKO,1500.00,Valid,"04-Jan-2020 12:13 AM"
H5IARP60WJS4,1500.00,Valid,"04-Jan-2020 12:13 AM"
560EJZPT4A04,1500.00,Valid,"04-Jan-2020 12:13 AM"
79AS9X919SKC,1500.00,Valid,"04-Jan-2020 12:13 AM"
E6EMYTFR0U80,1500.00,Valid,"04-Jan-2020 12:13 AM"
CO5ZR6RZMDC0,1500.00,Valid,"04-Jan-2020 12:13 AM"
J1C3WJU2CW84,1500.00,Valid,"04-Jan-2020 12:13 AM"
3R1DULTS4BWG,1500.00,Valid,"04-Jan-2020 12:13 AM"
BPUTVF6KDPSS,1500.00,Valid,"04-Jan-2020 12:13 AM"
972QMRJI0CO4,1500.00,Valid,"04-Jan-2020 12:13 AM"
PBMWCKCI028C,1500.00,Valid,"04-Jan-2020 12:13 AM"
9HMCBAWKYCWS,1500.00,Valid,"04-Jan-2020 12:13 AM"
DZKCJ1J1E680,1500.00,Valid,"04-Jan-2020 12:13 AM"
FN4TT8XVJVSO,1500.00,Valid,"04-Jan-2020 12:13 AM"
MOO05NFNFE8O,1500.00,Valid,"04-Jan-2020 12:13 AM"
AABPAXSZHHC0,1500.00,Valid,"04-Jan-2020 12:13 AM"
33SQXRN6CTYC,1500.00,Valid,"04-Jan-2020 12:13 AM"
M8FN3PGWLK0G,1500.00,Valid,"04-Jan-2020 12:13 AM"
H10VVNKPL7SO,1500.00,Valid,"04-Jan-2020 12:13 AM"
DVTRL2KNQY8S,1500.00,Valid,"04-Jan-2020 12:13 AM"
RPZ3NPXJC1CO,1500.00,Valid,"04-Jan-2020 12:13 AM"
L0EPP1QI85C4,1500.00,Valid,"04-Jan-2020 12:13 AM"
WS6YMRMTHE8C,1500.00,Valid,"04-Jan-2020 12:13 AM"
J1HFGS549ZK8,1500.00,Valid,"04-Jan-2020 12:13 AM"
1YHLEKBFPUCG,1500.00,Valid,"04-Jan-2020 12:13 AM"
MZOCGRFTJTC8,1500.00,Valid,"04-Jan-2020 12:13 AM"
6I9W6URYA1C8,1500.00,Valid,"04-Jan-2020 12:13 AM"
F1P9EZRZ4TKO,1500.00,Valid,"04-Jan-2020 12:13 AM"
4BGW2LO9BG2S,1500.00,Valid,"04-Jan-2020 12:13 AM"
2LK7PQZKWA68,1500.00,Valid,"04-Jan-2020 12:13 AM"
NERSBGI7KC0O,1500.00,Valid,"04-Jan-2020 12:13 AM"
KPJF2M5OPZ40,1500.00,Valid,"04-Jan-2020 12:13 AM"
4I1EGE6BQTGK,1500.00,Valid,"04-Jan-2020 12:13 AM"
QUZRYF48V6OK,1500.00,Valid,"04-Jan-2020 12:13 AM"
FFB4ZZKQLY8K,1500.00,Valid,"04-Jan-2020 12:13 AM"
D51NV72O9BKS,1500.00,Valid,"04-Jan-2020 12:13 AM"
AELZ4H2KI9CS,1500.00,Valid,"04-Jan-2020 12:13 AM"
7QEYOU8XZU8S,1500.00,Valid,"04-Jan-2020 12:13 AM"
KL50OFAPFZKO,1500.00,Valid,"04-Jan-2020 12:13 AM"
ASRHWU0LM1C8,1500.00,Valid,"04-Jan-2020 12:13 AM"
YEHQU0WO828C,1500.00,Valid,"04-Jan-2020 12:13 AM"
CILNU48GS68K,1500.00,Valid,"04-Jan-2020 12:13 AM"
BMGTQ3LH87SC,1500.00,Valid,"04-Jan-2020 12:13 AM"
5BG1EHWHCSW8,1500.00,Valid,"04-Jan-2020 12:13 AM"
PZP03FKFMU8K,1500.00,Valid,"04-Jan-2020 12:13 AM"
6U422X4W4MCK,1500.00,Valid,"04-Jan-2020 12:13 AM"
HG7MMY15548O,1500.00,Valid,"04-Jan-2020 12:13 AM"
5Q4VL01JJ3KS,1500.00,Valid,"04-Jan-2020 12:13 AM"
H47CVGXKXHC0,1500.00,Valid,"04-Jan-2020 12:13 AM"
HZ0TLSWML9CG,1500.00,Valid,"04-Jan-2020 12:13 AM"
CC79GUPSEKG0,1500.00,Valid,"04-Jan-2020 12:13 AM"
S9L82EEYDYOO,1500.00,Valid,"04-Jan-2020 12:13 AM"
5SSINO3WT9OO,1500.00,Valid,"04-Jan-2020 12:13 AM"
4IUVGHW2E8SG,1500.00,Valid,"04-Jan-2020 12:13 AM"
P7Y5UPE28N4W,1500.00,Valid,"04-Jan-2020 12:13 AM"
FYSPR8GS188W,1500.00,Valid,"04-Jan-2020 12:13 AM"
GNGUYG3YHIOS,1500.00,Valid,"04-Jan-2020 12:13 AM"
72P3MWIBMOW0,1500.00,Valid,"04-Jan-2020 12:13 AM"
829LXAWDX4CO,1500.00,Valid,"04-Jan-2020 12:13 AM"
IU8RFOLEAOG8,1500.00,Valid,"04-Jan-2020 12:13 AM"
PXKOPZ2ZGO0G,1500.00,Valid,"04-Jan-2020 12:13 AM"
JVT1AKRLEZ48,1500.00,Valid,"04-Jan-2020 12:13 AM"
65Y3C4HRORWO,1500.00,Valid,"04-Jan-2020 12:13 AM"
8VJEVXG5VW0S,1500.00,Valid,"04-Jan-2020 12:13 AM"
LUCRSJ0O4KGG,1500.00,Valid,"04-Jan-2020 12:13 AM"
C4ODWNKEDNKG,1500.00,Valid,"04-Jan-2020 12:13 AM"
JN46957GGAO0,1500.00,Valid,"04-Jan-2020 12:13 AM"
9UGCXJKWUIGW,1500.00,Valid,"04-Jan-2020 12:13 AM"
ROIYTWLBM6SS,1500.00,Valid,"04-Jan-2020 12:13 AM"
PF89DN0CPPCG,1500.00,Valid,"04-Jan-2020 12:13 AM"
QLSKY0SCCHCO,1500.00,Valid,"04-Jan-2020 12:13 AM"
BIJPX2SAGLK4,1500.00,Valid,"04-Jan-2020 12:13 AM"
CSL4PJDU8VWC,1500.00,Valid,"04-Jan-2020 12:13 AM"
P3B4CW3X2B4S,1500.00,Valid,"04-Jan-2020 12:13 AM"
3ZW5SS7LBNK0,1500.00,Valid,"04-Jan-2020 12:13 AM"
DCOG759FH20C,1500.00,Valid,"04-Jan-2020 12:13 AM"
S1QK7PGMKE84,1500.00,Valid,"04-Jan-2020 12:13 AM"
F3K1G9MH8BSO,1500.00,Valid,"04-Jan-2020 12:13 AM"
AU6P4ACHOU80,1500.00,Valid,"04-Jan-2020 12:13 AM"
TVK8BJ828GGC,1500.00,Valid,"04-Jan-2020 12:13 AM"
OUO9D0WSO9CC,1500.00,Valid,"04-Jan-2020 12:13 AM"
KGR8NFPYCQO0,1500.00,Valid,"04-Jan-2020 12:13 AM"
AB21IQFVD0WS,1500.00,Valid,"04-Jan-2020 12:13 AM"
S7Y0T50BJ6OK,1500.00,Valid,"04-Jan-2020 12:13 AM"
FAVBXK5NHDS0,1500.00,Valid,"04-Jan-2020 12:13 AM"
H84Z1560QDS8,1500.00,Valid,"04-Jan-2020 12:13 AM"
ELOI1PQUJLS0,1500.00,Valid,"04-Jan-2020 12:13 AM"
P26E48HHVW0O,1500.00,Valid,"04-Jan-2020 12:13 AM"
D1Z2T82PPR4G,1500.00,Valid,"04-Jan-2020 12:13 AM"
CFC8EVQ97P4W,1500.00,Valid,"04-Jan-2020 12:13 AM"
16Q334FBKO68,1500.00,Valid,"04-Jan-2020 12:13 AM"
3MFUA36ZXA4G,1500.00,Valid,"04-Jan-2020 12:13 AM"
C83KQMPW0QO0,1500.00,Valid,"04-Jan-2020 12:13 AM"
MY4D5NSYABK4,1500.00,Valid,"04-Jan-2020 12:13 AM"
G28M0HFBW2GC,1500.00,Valid,"04-Jan-2020 12:13 AM"
H4REP6YF6W8O,1500.00,Valid,"04-Jan-2020 12:13 AM"
QTW04CT5T9CK,1500.00,Valid,"04-Jan-2020 12:13 AM"
GEXKW9W1S8GS,1500.00,Valid,"04-Jan-2020 12:13 AM"
CGGHKWI8OLK4,1500.00,Valid,"04-Jan-2020 12:13 AM"
RUDLSHZCT3KC,1500.00,Valid,"04-Jan-2020 12:13 AM"
15GYXYLUYSIO,1500.00,Valid,"04-Jan-2020 12:13 AM"
QX0MTI80GVKS,1500.00,Valid,"04-Jan-2020 12:13 AM"
MMRQ13BKOJK4,1500.00,Valid,"04-Jan-2020 12:13 AM"
M926YORN428C,1500.00,Valid,"04-Jan-2020 12:13 AM"
NINXCA79XESW,1500.00,Valid,"04-Jan-2020 12:13 AM"
I79EDFFOKO8O,1500.00,Valid,"04-Jan-2020 12:13 AM"
CDJRE1ITWZK0,1500.00,Valid,"04-Jan-2020 12:13 AM"
8OVEO5V1B9SS,1500.00,Valid,"04-Jan-2020 12:13 AM"
4W96YBNZZFAC,1500.00,Valid,"04-Jan-2020 12:13 AM"
ESAXKR4RNZKS,1500.00,Valid,"04-Jan-2020 12:13 AM"
FN42WGA15544,1500.00,Valid,"04-Jan-2020 12:13 AM"
5V3GZ8GI9340,1500.00,Valid,"04-Jan-2020 12:13 AM"
R7B5W3LROASG,1500.00,Valid,"04-Jan-2020 12:13 AM"
9SL5W1M85ECC,1500.00,Valid,"04-Jan-2020 12:13 AM"
NFQ4EELDRGG4,1500.00,Valid,"04-Jan-2020 12:13 AM"
IXI02WZSABCW,1500.00,Valid,"04-Jan-2020 12:13 AM"
ETI1X9SFWN40,1500.00,Valid,"04-Jan-2020 12:13 AM"
RAOG0TR9U0GO,1500.00,Valid,"04-Jan-2020 12:13 AM"
MBFQEJ3WJGG0,1500.00,Valid,"04-Jan-2020 12:13 AM"
5R23U6VK62CC,1500.00,Valid,"04-Jan-2020 12:13 AM"
S3880ITJUIO4,1500.00,Valid,"04-Jan-2020 12:13 AM"
O0KTXLY5EK0S,1500.00,Valid,"04-Jan-2020 12:13 AM"
GH81FVLVZ8GK,1500.00,Valid,"04-Jan-2020 12:13 AM"
BQK2JJZI5M8S,1500.00,Valid,"04-Jan-2020 12:13 AM"
MQPTLGEPJ0G0,1500.00,Valid,"04-Jan-2020 12:13 AM"
COFI24D55R4K,1500.00,Valid,"04-Jan-2020 12:13 AM"
BER8J4SM0DSS,1500.00,Valid,"04-Jan-2020 12:13 AM"
22F7GEAI1JOK,1500.00,Valid,"04-Jan-2020 12:13 AM"
41RI0GUAHU2O,1500.00,Valid,"04-Jan-2020 12:13 AM"
L51PVWYOJ9C0,1500.00,Valid,"04-Jan-2020 12:13 AM"
5AY9VBX5LOWS,1500.00,Valid,"04-Jan-2020 12:13 AM"
KMCX7F7XH80S,1500.00,Valid,"04-Jan-2020 12:13 AM"
SHH1GIULT2SC,1500.00,Valid,"04-Jan-2020 12:13 AM"
R3I5BB0AON44,1500.00,Valid,"04-Jan-2020 12:13 AM"
8GVT9S50KQO0,1500.00,Valid,"04-Jan-2020 12:13 AM"
AJ9MLB44U7CO,1500.00,Valid,"04-Jan-2020 12:13 AM"
RNYUK1FDS34S,1500.00,Valid,"04-Jan-2020 12:13 AM"
E4HAATAPFTC8,1500.00,Valid,"04-Jan-2020 12:13 AM"
419UX62U2FOK,1500.00,Valid,"04-Jan-2020 12:13 AM"
KRYXY2I3W7KC,1500.00,Valid,"04-Jan-2020 12:13 AM"
NJUJG9DFA2O4,1500.00,Valid,"04-Jan-2020 12:13 AM"
53W9IYV7P8O4,1500.00,Valid,"04-Jan-2020 12:13 AM"
F7AVBPBGPYOS,1500.00,Valid,"04-Jan-2020 12:13 AM"
1T2E74A1H934,1500.00,Valid,"04-Jan-2020 12:13 AM"
8C7QEI9V4TWC,1500.00,Valid,"04-Jan-2020 12:13 AM"
KHSISVMHNWGW,1500.00,Valid,"04-Jan-2020 12:13 AM"
R0BY4L4CF6S4,1500.00,Valid,"04-Jan-2020 12:13 AM"
SN4EAU5T1O0O,1500.00,Valid,"04-Jan-2020 12:13 AM"
P3F1NZ3NMMOC,1500.00,Valid,"04-Jan-2020 12:13 AM"
5IWXDJXKWZ48,1500.00,Valid,"04-Jan-2020 12:13 AM"
AV4QXT4YZ400,1500.00,Valid,"04-Jan-2020 12:13 AM"
JA3X7A2ULS84,1500.00,Valid,"04-Jan-2020 12:13 AM"
711664R796W4,1500.00,Valid,"04-Jan-2020 12:13 AM"
LVJAAOEJP344,1500.00,Valid,"04-Jan-2020 12:13 AM"
O7TY00UXZDW4,1500.00,Valid,"04-Jan-2020 12:13 AM"
O6BBZWU2UXW0,1500.00,Valid,"04-Jan-2020 12:13 AM"
E2OBGSOO5Y8G,1500.00,Valid,"04-Jan-2020 12:13 AM"
GS003N3KLK0K,1500.00,Valid,"04-Jan-2020 12:13 AM"
C410WQFYBKG8,1500.00,Valid,"04-Jan-2020 12:13 AM"
EZX8QP2XS3CW,1500.00,Valid,"04-Jan-2020 12:13 AM"
6S0A6WX0A48W,1500.00,Valid,"04-Jan-2020 12:13 AM"
T5B1643Y25CK,1500.00,Valid,"04-Jan-2020 12:13 AM"
7UF82X3UO9OG,1500.00,Valid,"04-Jan-2020 12:13 AM"
8J7T149FB8O4,1500.00,Valid,"04-Jan-2020 12:13 AM"
2LVGSN3W1AW4,1500.00,Valid,"04-Jan-2020 12:13 AM"
MTSEP7GCH3K8,1500.00,Valid,"04-Jan-2020 12:13 AM"
BVWUEORG9QG4,1500.00,Valid,"04-Jan-2020 12:13 AM"
L827R2KSBEOW,1500.00,Valid,"04-Jan-2020 12:13 AM"
9I24JSH5NJGO,1500.00,Valid,"04-Jan-2020 12:13 AM"
CGD7J8Y111C0,1500.00,Valid,"04-Jan-2020 12:13 AM"
ACKUH7S7YJKK,1500.00,Valid,"04-Jan-2020 12:13 AM"
1E3AWJFGFP8K,1500.00,Valid,"04-Jan-2020 12:13 AM"
PO27OE41P28G,1500.00,Valid,"04-Jan-2020 12:13 AM"
TUL0QK6UJCGS,1500.00,Valid,"04-Jan-2020 12:13 AM"
7UL0HRY9D3GO,1500.00,Valid,"04-Jan-2020 12:13 AM"
D9L2M5DCAHKC,1500.00,Valid,"04-Jan-2020 12:13 AM"
LKSVF58SITWO,1500.00,Valid,"04-Jan-2020 12:13 AM"
RH3587UUQQOK,1500.00,Valid,"04-Jan-2020 12:13 AM"
H1HMRYKMEFWW,1500.00,Valid,"04-Jan-2020 12:13 AM"
GZAJD4UFAFSC,1500.00,Valid,"04-Jan-2020 12:13 AM"
SLZMO2Y3UBK4,1500.00,Valid,"04-Jan-2020 12:13 AM"
B9IE0RW3AFWW,1500.00,Valid,"04-Jan-2020 12:13 AM"
A548DOV5SWWK,1500.00,Valid,"04-Jan-2020 12:13 AM"
NYBKQ3MFGUSS,1500.00,Valid,"04-Jan-2020 12:13 AM"
ASL2U9MPICGK,1500.00,Valid,"04-Jan-2020 12:13 AM"
PQAL1ARLB808,1500.00,Valid,"04-Jan-2020 12:13 AM"
OFNEZPZYDQ80,1500.00,Valid,"04-Jan-2020 12:13 AM"
JRT5844MEFK8,1500.00,Valid,"04-Jan-2020 12:13 AM"
4X4587HPLHGK,1500.00,Valid,"04-Jan-2020 12:13 AM"
HG4R6Q94KXS0,1500.00,Valid,"04-Jan-2020 12:13 AM"
PZVMGXR2B404,1500.00,Valid,"04-Jan-2020 12:13 AM"
RNS98R8S0G04,1500.00,Valid,"04-Jan-2020 12:13 AM"
AL1C8129ML4C,1500.00,Valid,"04-Jan-2020 12:13 AM"
CTZQCDHCGI88,1500.00,Valid,"04-Jan-2020 12:13 AM"
O8JFB9DGIJKK,1500.00,Valid,"04-Jan-2020 12:13 AM"
6OPFMT296C8W,1500.00,Valid,"04-Jan-2020 12:13 AM"
QITVPBOH5YSC,1500.00,Valid,"04-Jan-2020 12:13 AM"
P1B9XJY6XM8O,1500.00,Valid,"04-Jan-2020 12:13 AM"
MSU1VC7WFK0W,1500.00,Valid,"04-Jan-2020 12:13 AM"
C7S5TPI2H5SG,1500.00,Valid,"04-Jan-2020 12:13 AM"
O9OHI3XSYPCO,1500.00,Valid,"04-Jan-2020 12:13 AM"
ME85G8CUUESC,1500.00,Valid,"04-Jan-2020 12:13 AM"
EDHAWATWLI8K,1500.00,Valid,"04-Jan-2020 12:13 AM"
HFFAMITE3QGO,1500.00,Valid,"04-Jan-2020 12:13 AM"
QMGC3TI0ALW8,1500.00,Valid,"04-Jan-2020 12:13 AM"
9YPD2CF703K0,1500.00,Valid,"04-Jan-2020 12:13 AM"
O0NNRVG580GC,1500.00,Valid,"04-Jan-2020 12:13 AM"
M7FYNY0LVAS8,1500.00,Valid,"04-Jan-2020 12:13 AM"
RJ9F6CZGHDWK,1500.00,Valid,"04-Jan-2020 12:13 AM"
M2J9EC71GZK4,1500.00,Valid,"04-Jan-2020 12:13 AM"
PEEEYIZFOQSK,1500.00,Valid,"04-Jan-2020 12:13 AM"
KTUA4X6VON40,1500.00,Valid,"04-Jan-2020 12:13 AM"
6E9LEQF1FGG0,1500.00,Valid,"04-Jan-2020 12:13 AM"
6TP2DRVKTUW4,1500.00,Valid,"04-Jan-2020 12:13 AM"
BEFNAI9D9M0O,1500.00,Valid,"04-Jan-2020 12:13 AM"
8RX6IO03V484,1500.00,Valid,"04-Jan-2020 12:13 AM"
LUHDRPLSGDCK,1500.00,Valid,"04-Jan-2020 12:13 AM"
3AFCEGEE9S4K,1500.00,Valid,"04-Jan-2020 12:13 AM"
ED2AGYC53S0K,1500.00,Valid,"04-Jan-2020 12:13 AM"
BPMURSR8AZSO,1500.00,Valid,"04-Jan-2020 12:13 AM"
ATZN2U48NE0O,1500.00,Valid,"04-Jan-2020 12:13 AM"
HPQHRTVP5RWC,1500.00,Valid,"04-Jan-2020 12:13 AM"
3AARE7BHSJY8,1500.00,Valid,"04-Jan-2020 12:13 AM"
9AIRER0H6XWK,1500.00,Valid,"04-Jan-2020 12:13 AM"
M0TDQXCA3TWW,1500.00,Valid,"04-Jan-2020 12:13 AM"
AVRHOFMZLMGW,1500.00,Valid,"04-Jan-2020 12:13 AM"
8ZM2V0JKJHSS,1500.00,Valid,"04-Jan-2020 12:13 AM"
LZRPTX6DJU8O,1500.00,Valid,"04-Jan-2020 12:13 AM"
CM34M60IX9CK,1500.00,Valid,"04-Jan-2020 12:13 AM"
S91PSSAJ2YOW,1500.00,Valid,"04-Jan-2020 12:13 AM"
CNAI6MV27G8W,1500.00,Valid,"04-Jan-2020 12:13 AM"
9TORJPDZNLKW,1500.00,Valid,"04-Jan-2020 12:13 AM"
OZ1K3NSYTY8G,1500.00,Valid,"04-Jan-2020 12:13 AM"
B6MW51124JK0,1500.00,Valid,"04-Jan-2020 12:13 AM"
NOX4MRRFJQOO,1500.00,Valid,"04-Jan-2020 12:13 AM"
NWT9WFP36WGO,1500.00,Valid,"04-Jan-2020 12:13 AM"
8RM0EV8SUC08,1500.00,Valid,"04-Jan-2020 12:13 AM"
ROW7H99D62SK,1500.00,Valid,"04-Jan-2020 12:13 AM"
NDRB6UDKD2OO,1500.00,Valid,"04-Jan-2020 12:13 AM"
BWQE7Q5HSS8W,1500.00,Valid,"04-Jan-2020 12:13 AM"
21OROBZ4QE1W,1500.00,Valid,"04-Jan-2020 12:13 AM"
NA7ZDPZ0NK0W,1500.00,Valid,"04-Jan-2020 12:13 AM"
577VENP62IKG,1500.00,Valid,"04-Jan-2020 12:13 AM"
IMBDYHFXZNCW,1500.00,Valid,"04-Jan-2020 12:13 AM"
4E6AI8QQ6JS4,1500.00,Valid,"04-Jan-2020 12:13 AM"
53FSTKDZ9484,1500.00,Valid,"04-Jan-2020 12:13 AM"
TA4S36HSNWG0,1500.00,Valid,"04-Jan-2020 12:13 AM"
GX14V7FL85C0,1500.00,Valid,"04-Jan-2020 12:13 AM"
KMCE79VOYDWS,1500.00,Valid,"04-Jan-2020 12:13 AM"
SFEFGTF4BW0O,1500.00,Valid,"04-Jan-2020 12:13 AM"
3XP4T0O1QFCW,1500.00,Valid,"04-Jan-2020 12:13 AM"
5JRNAOXMNUCC,1500.00,Valid,"04-Jan-2020 12:13 AM"
FOW0H7YAY54C,1500.00,Valid,"04-Jan-2020 12:13 AM"
25YK5TQNLNES,1500.00,Valid,"04-Jan-2020 12:13 AM"
9S5PC8WYDO8W,1500.00,Valid,"04-Jan-2020 12:13 AM"
KVZU4OVISAOW,1500.00,Valid,"04-Jan-2020 12:13 AM"
963OEFI8G7OC,1500.00,Valid,"04-Jan-2020 12:13 AM"
RT8LQI1008GO,1500.00,Valid,"04-Jan-2020 12:13 AM"
BRBE1VF5MVK8,1500.00,Valid,"04-Jan-2020 12:13 AM"
70MS0SI4BO0S,1500.00,Valid,"04-Jan-2020 12:13 AM"
RUB8J25ILIOS,1500.00,Valid,"04-Jan-2020 12:13 AM"
4WFEW3Y1HLA8,1500.00,Valid,"04-Jan-2020 12:13 AM"
PRI2I0EZMN4K,1500.00,Valid,"04-Jan-2020 12:13 AM"
7DH0Y8KM9F48,1500.00,Valid,"04-Jan-2020 12:13 AM"
61GV84POP400,1500.00,Valid,"04-Jan-2020 12:13 AM"
G4TQEZB76PS0,1500.00,Valid,"04-Jan-2020 12:13 AM"
N87Y98GG4TCK,1500.00,Valid,"04-Jan-2020 12:13 AM"
RMDIXYZFCMOO,1500.00,Valid,"04-Jan-2020 12:13 AM"
A459HQUBIU8K,1500.00,Valid,"04-Jan-2020 12:13 AM"
9TY85PQWLG08,1500.00,Valid,"04-Jan-2020 12:13 AM"
CMF45010Z5WK,1500.00,Valid,"04-Jan-2020 12:13 AM"
IEUJ9MUD8K08,1500.00,Valid,"04-Jan-2020 12:13 AM"
5RYXIJCN9E04,1500.00,Valid,"04-Jan-2020 12:13 AM"
CMEZXQDKOL4W,1500.00,Valid,"04-Jan-2020 12:13 AM"
MW239UMBDTCO,1500.00,Valid,"04-Jan-2020 12:13 AM"
KUVH2LGL5E88,1500.00,Valid,"04-Jan-2020 12:13 AM"
RYAJNRHUSE84,1500.00,Valid,"04-Jan-2020 12:13 AM"
LRLNKZZPR9SC,1500.00,Valid,"04-Jan-2020 12:13 AM"
P6DJE8SDUM8W,1500.00,Valid,"04-Jan-2020 12:13 AM"
EGHSS1FMGNC4,1500.00,Valid,"04-Jan-2020 12:13 AM"
R6KVXJL0WMS8,1500.00,Valid,"04-Jan-2020 12:13 AM"
3JXB3PJ7E2W4,1500.00,Valid,"04-Jan-2020 12:13 AM"
KXS0TQXME1C8,1500.00,Valid,"04-Jan-2020 12:13 AM"
D9SSESK661C8,1500.00,Valid,"04-Jan-2020 12:13 AM"
F5PG8LYJEO00,1500.00,Valid,"04-Jan-2020 12:13 AM"
8AAG0XKVWJWO,1500.00,Valid,"04-Jan-2020 12:13 AM"
FEVF3P5L3MOK,1500.00,Valid,"04-Jan-2020 12:13 AM"
65PGDO256ACC,1500.00,Valid,"04-Jan-2020 12:13 AM"
A8XYO090U4O4,1500.00,Valid,"04-Jan-2020 12:13 AM"
JXGDPRJ9MSGG,1500.00,Valid,"04-Jan-2020 12:13 AM"
B29X0Q2UNG8W,1500.00,Valid,"04-Jan-2020 12:13 AM"
H5XYTPC40S0S,1500.00,Valid,"04-Jan-2020 12:13 AM"
IAFAQEX8LFK0,1500.00,Valid,"04-Jan-2020 12:13 AM"
J6AY3L9PXAG4,1500.00,Valid,"04-Jan-2020 12:13 AM"
APTG26H7ALCG,1500.00,Valid,"04-Jan-2020 12:13 AM"
KANONV3DM00G,1500.00,Valid,"04-Jan-2020 12:13 AM"
1P2PLY25G4QS,1500.00,Valid,"04-Jan-2020 12:13 AM"
LUSSBJY1934W,1500.00,Valid,"04-Jan-2020 12:13 AM"
DVXZGE7G9DKW,1500.00,Valid,"04-Jan-2020 12:13 AM"
MVQEJ46XIRK4,1500.00,Valid,"04-Jan-2020 12:13 AM"
47D2PQOTWWAO,1500.00,Valid,"04-Jan-2020 12:13 AM"
REN7ZQC7V6S0,1500.00,Valid,"04-Jan-2020 12:13 AM"
7AL0XZ14ONKS,1500.00,Valid,"04-Jan-2020 12:13 AM"
LK4UANSDMR4S,1500.00,Valid,"04-Jan-2020 12:13 AM"
98D5E38HGUSC,1500.00,Valid,"04-Jan-2020 12:13 AM"
8G9YO37BAFGO,1500.00,Valid,"04-Jan-2020 12:13 AM"
H7FXU5AWCNC4,1500.00,Valid,"04-Jan-2020 12:13 AM"
CK7LBNZ842OG,1500.00,Valid,"04-Jan-2020 12:13 AM"
ILEYPJ3J7Z4G,1500.00,Valid,"04-Jan-2020 12:13 AM"
JJ83KCF77ZSW,1500.00,Valid,"04-Jan-2020 12:13 AM"
L7NXEETXA5W8,1500.00,Valid,"04-Jan-2020 12:13 AM"
T86FNF9QAV40,1500.00,Valid,"04-Jan-2020 12:13 AM"
74S7Z1A7HKSG,1500.00,Valid,"04-Jan-2020 12:13 AM"
396L3SKMX24G,1500.00,Valid,"04-Jan-2020 12:13 AM"
TTUO4RUJ5W08,1500.00,Valid,"04-Jan-2020 12:13 AM"
2WMFKRC7VOAO,1500.00,Valid,"04-Jan-2020 12:13 AM"
OLN6SAJONLWK,1500.00,Valid,"04-Jan-2020 12:13 AM"
4PGFVWUTADYC,1500.00,Valid,"04-Jan-2020 12:13 AM"
5DFOO7N60LOO,1500.00,Valid,"04-Jan-2020 12:13 AM"
QS0XK5V4H5WW,1500.00,Valid,"04-Jan-2020 12:13 AM"
2SM1P30FDU4G,1500.00,Valid,"04-Jan-2020 12:13 AM"
CJZ1BUBD7SOW,1500.00,Valid,"04-Jan-2020 12:13 AM"
769SR70ZM2O0,1500.00,Valid,"04-Jan-2020 12:13 AM"
FJPITO4SPHS8,1500.00,Valid,"04-Jan-2020 12:13 AM"
LR3OE0056EOO,1500.00,Valid,"04-Jan-2020 12:13 AM"
CE4F67M1D20C,1500.00,Valid,"04-Jan-2020 12:13 AM"
TKB26JMB134W,1500.00,Valid,"04-Jan-2020 12:13 AM"
TUI1YNEF2G0G,1500.00,Valid,"04-Jan-2020 12:13 AM"
2USKZ729TJUO,1500.00,Valid,"04-Jan-2020 12:13 AM"
5UMF1RMVZ6SK,1500.00,Valid,"04-Jan-2020 12:13 AM"
RP34W8M26UOO,1500.00,Valid,"04-Jan-2020 12:13 AM"
71WONF8L9L8O,1500.00,Valid,"04-Jan-2020 12:13 AM"
ESZ2FI8H774S,1500.00,Valid,"04-Jan-2020 12:13 AM"
AQPJLZF0RW0S,1500.00,Valid,"04-Jan-2020 12:13 AM"
JV3TGLACYYO0,1500.00,Valid,"04-Jan-2020 12:13 AM"
8KF5US069400,1500.00,Valid,"04-Jan-2020 12:13 AM"
G7NEK3S62GOW,1500.00,Valid,"04-Jan-2020 12:13 AM"
5PGN555CRTGC,1500.00,Valid,"04-Jan-2020 12:13 AM"
RLVJCJD1BW0S,1500.00,Valid,"04-Jan-2020 12:13 AM"
QE7SQ08J10GK,1500.00,Valid,"04-Jan-2020 12:13 AM"
G8Y4SFEUIBWO,1500.00,Valid,"04-Jan-2020 12:13 AM"
J0BQXR3YKY88,1500.00,Valid,"04-Jan-2020 12:13 AM"
RJSBPO78T344,1500.00,Valid,"04-Jan-2020 12:13 AM"
EV5ANYM90P44,1500.00,Valid,"04-Jan-2020 12:13 AM"
9C0KU0RLO084,1500.00,Valid,"04-Jan-2020 12:13 AM"
OCJNT8O4HLW0,1500.00,Valid,"04-Jan-2020 12:13 AM"
KLJYV33KFAOS,1500.00,Valid,"04-Jan-2020 12:13 AM"
AI3O8UQCJKWK,1500.00,Valid,"04-Jan-2020 12:13 AM"
4453YYYG4PS0,1500.00,Valid,"04-Jan-2020 12:13 AM"
4R4D892FQCU8,1500.00,Valid,"04-Jan-2020 12:13 AM"
CV61E6IDGBKK,1500.00,Valid,"04-Jan-2020 12:13 AM"
BW3U9IYAPHS8,1500.00,Valid,"04-Jan-2020 12:13 AM"
7FHRUUHQGQSK,1500.00,Valid,"04-Jan-2020 12:13 AM"
7HDTQP7GBKSG,1500.00,Valid,"04-Jan-2020 12:13 AM"
9WWETGL6FJKS,1500.00,Valid,"04-Jan-2020 12:13 AM"
9S81T6AKV7S4,1500.00,Valid,"04-Jan-2020 12:13 AM"
7H6032LSMAW4,1500.00,Valid,"04-Jan-2020 12:13 AM"
FWFNTJ6ZZ7K0,1500.00,Valid,"04-Jan-2020 12:13 AM"
5LC1H7B7I7KS,1500.00,Valid,"04-Jan-2020 12:13 AM"
S7MXV8PSOWG8,1500.00,Valid,"04-Jan-2020 12:13 AM"
3TQ7K0G2J5ES,1500.00,Valid,"04-Jan-2020 12:13 AM"
7PGTBLVNAO00,1500.00,Valid,"04-Jan-2020 12:13 AM"
NHSN1ZEBIM80,1500.00,Valid,"04-Jan-2020 12:13 AM"
QPKAQGB3L5W4,1500.00,Valid,"04-Jan-2020 12:13 AM"
EW2RHPGVOPKC,1500.00,Valid,"04-Jan-2020 12:13 AM"
I28V7U8VS88O,1500.00,Valid,"04-Jan-2020 12:13 AM"
PF1SRQMM6LWC,1500.00,Valid,"04-Jan-2020 12:13 AM"
F6MT42RSRVW4,1500.00,Valid,"04-Jan-2020 12:13 AM"
99RQQAD79IKO,1500.00,Valid,"04-Jan-2020 12:13 AM"
EAXWOM0521W0,1500.00,Valid,"04-Jan-2020 12:13 AM"
KKGP2XRU734K,1500.00,Valid,"04-Jan-2020 12:13 AM"
1KS3S9LQNVDW,1500.00,Valid,"04-Jan-2020 12:13 AM"
P4MBTZZS8LWS,1500.00,Valid,"04-Jan-2020 12:13 AM"
2XX5W1O1Z740,1500.00,Valid,"04-Jan-2020 12:13 AM"
DRNFSK5XZ1W8,1500.00,Valid,"04-Jan-2020 12:13 AM"
I6EDQDF1ARCW,1500.00,Valid,"04-Jan-2020 12:13 AM"
P38U9UE0QPCO,1500.00,Valid,"04-Jan-2020 12:13 AM"
OD02Y4J6J80C,1500.00,Valid,"04-Jan-2020 12:13 AM"
X1M89EUTEPWG,1500.00,Valid,"04-Jan-2020 12:13 AM"
P49T9SAQAQSW,1500.00,Valid,"04-Jan-2020 12:13 AM"
7JGG3GHU2TS8,1500.00,Valid,"04-Jan-2020 12:13 AM"
F7RTBZ5V39K4,1500.00,Valid,"04-Jan-2020 12:13 AM"
FIYTGGLMQKG0,1500.00,Valid,"04-Jan-2020 12:13 AM"
TQ9AGZSJNAOO,1500.00,Valid,"04-Jan-2020 12:13 AM"
H7AQFUKQBDSG,1500.00,Valid,"04-Jan-2020 12:13 AM"
HTE0ANC1HI8K,1500.00,Valid,"04-Jan-2020 12:13 AM"
SRT1YCYSRV48,1500.00,Valid,"04-Jan-2020 12:13 AM"
1E0JV9X752U8,1500.00,Valid,"04-Jan-2020 12:13 AM"
72CY60VVXP4W,1500.00,Valid,"04-Jan-2020 12:13 AM"
KUKDDXJWNRKC,1500.00,Valid,"04-Jan-2020 12:13 AM"
EAZOA5DDCBSO,1500.00,Valid,"04-Jan-2020 12:13 AM"
RV7HR7K38MOS,1500.00,Valid,"04-Jan-2020 12:13 AM"
P3IIAEZGWGGC,1500.00,Valid,"04-Jan-2020 12:13 AM"
OAI305NDOTCK,1500.00,Valid,"04-Jan-2020 12:13 AM"
8U5DGD6ZSP44,1500.00,Valid,"04-Jan-2020 12:13 AM"
46404N3P63AC,1500.00,Valid,"04-Jan-2020 12:13 AM"
GORW49VX61SK,1500.00,Valid,"04-Jan-2020 12:13 AM"
G33NO8H83TSG,1500.00,Valid,"04-Jan-2020 12:13 AM"
6L1DDBO1BXOO,1500.00,Valid,"04-Jan-2020 12:13 AM"
IW7BECYTKJWO,1500.00,Valid,"04-Jan-2020 12:13 AM"
P1KI85JBZESK,1500.00,Valid,"04-Jan-2020 12:13 AM"
NMY6D22ZAJKG,1500.00,Valid,"04-Jan-2020 12:13 AM"
R1ZITIEAU00K,1500.00,Valid,"04-Jan-2020 12:13 AM"
3EBEX6STQRGG,1500.00,Valid,"04-Jan-2020 12:13 AM"
5O874X1VSE0W,1500.00,Valid,"04-Jan-2020 12:13 AM"
BJ9AO7LGIKO4,1500.00,Valid,"04-Jan-2020 12:13 AM"
OW6OQ1THCE80,1500.00,Valid,"04-Jan-2020 12:13 AM"
I6U9D4SQN9K4,1500.00,Valid,"04-Jan-2020 12:13 AM"
DWCQG3HXGU0W,1500.00,Valid,"04-Jan-2020 12:13 AM"
7BZ2MKZH648W,1500.00,Valid,"04-Jan-2020 12:13 AM"
84Z8VFSVYT4W,1500.00,Valid,"04-Jan-2020 12:13 AM"
F3GXZ6H62QOG,1500.00,Valid,"04-Jan-2020 12:13 AM"
7XUE06LFI9OG,1500.00,Valid,"04-Jan-2020 12:13 AM"
89KO56AHXZSW,1500.00,Valid,"04-Jan-2020 12:13 AM"
60IBSKB3KKSO,1500.00,Valid,"04-Jan-2020 12:13 AM"
QKYXP5HRZOGK,1500.00,Valid,"04-Jan-2020 12:13 AM"
7TR654V0J280,1500.00,Valid,"04-Jan-2020 12:13 AM"
BB3H097CPJWW,1500.00,Valid,"04-Jan-2020 12:13 AM"
SHM5CZIVM1WW,1500.00,Valid,"04-Jan-2020 12:13 AM"
1HC3ZFSTNQ74,1500.00,Valid,"04-Jan-2020 12:13 AM"
RLLS4KSMZWG4,1500.00,Valid,"04-Jan-2020 12:13 AM"
N1B704E821CC,1500.00,Valid,"04-Jan-2020 12:13 AM"
J2II5PFBZ4G8,1500.00,Valid,"04-Jan-2020 12:13 AM"
HWZUU8X9B4G8,1500.00,Valid,"04-Jan-2020 12:13 AM"
FDP28DPCUIGW,1500.00,Valid,"04-Jan-2020 12:13 AM"
G3ASPUB9ZLS0,1500.00,Valid,"04-Jan-2020 12:13 AM"
8D4V8JB8T7GG,1500.00,Valid,"04-Jan-2020 12:13 AM"
DTJDY0EZWV4K,1500.00,Valid,"04-Jan-2020 12:13 AM"
PWTMRHBYB74O,1500.00,Valid,"04-Jan-2020 12:13 AM"
3NNHQKV0IW8W,1500.00,Valid,"04-Jan-2020 12:13 AM"
IQHMGDWXZRWW,1500.00,Valid,"04-Jan-2020 12:13 AM"
EJRVYEC1AU8G,1500.00,Valid,"04-Jan-2020 12:13 AM"
AZCI57Y3SKWS,1500.00,Valid,"04-Jan-2020 12:13 AM"
D9GSGLJ9LNKG,1500.00,Valid,"04-Jan-2020 12:13 AM"
N14YHC5HEBKW,1500.00,Valid,"04-Jan-2020 12:13 AM"
109PDGEBBDUS,1500.00,Valid,"04-Jan-2020 12:13 AM"
7G3J5ZBMRMKG,1500.00,Valid,"04-Jan-2020 12:13 AM"
7F4MAAPZLZ8K,1500.00,Valid,"04-Jan-2020 12:13 AM"
CBSB328TGU80,1500.00,Valid,"04-Jan-2020 12:13 AM"
AOD2IK9OAF40,1500.00,Valid,"04-Jan-2020 12:13 AM"
H1AQ4HGFGEG4,1500.00,Valid,"04-Jan-2020 12:13 AM"
K2NYQN6T0M8K,1500.00,Valid,"04-Jan-2020 12:13 AM"
5ROKU522ZGSO,1500.00,Valid,"04-Jan-2020 12:13 AM"
D5URX3LUSEG4,1500.00,Valid,"04-Jan-2020 12:13 AM"
HJGFZO8YLTWK,1500.00,Valid,"04-Jan-2020 12:13 AM"
KPYLTHU687K8,1500.00,Valid,"04-Jan-2020 12:13 AM"
4OSW985J39K4,1500.00,Valid,"04-Jan-2020 12:13 AM"
D1ZD8FBB61C8,1500.00,Valid,"04-Jan-2020 12:13 AM"
IULWVWQHXDWG,1500.00,Valid,"04-Jan-2020 12:13 AM"
HDBJZ1Q7T3SC,1500.00,Valid,"04-Jan-2020 12:13 AM"
R9XSOX3H4EO8,1500.00,Valid,"04-Jan-2020 12:13 AM"
9IGL6HQMLXC0,1500.00,Valid,"04-Jan-2020 12:13 AM"
H6FBNJ6FY1SG,1500.00,Valid,"04-Jan-2020 12:13 AM"
NBG9SJ1BQXC8,1500.00,Valid,"04-Jan-2020 12:13 AM"
CVYP69KWJNK0,1500.00,Valid,"04-Jan-2020 12:13 AM"
GD4QZ4YTHOG0,1500.00,Valid,"04-Jan-2020 12:13 AM"
FE5MH36BNS0G,1500.00,Valid,"04-Jan-2020 12:13 AM"
BR2OFTKNIG0G,1500.00,Valid,"04-Jan-2020 12:13 AM"
4OKG7IKYL4AO,1500.00,Valid,"04-Jan-2020 12:13 AM"
IS3CF6KOZ1CK,1500.00,Valid,"04-Jan-2020 12:13 AM"
1H63PZSD0JGG,1500.00,Valid,"04-Jan-2020 12:13 AM"
197PAJO6R3VO,1500.00,Valid,"04-Jan-2020 12:13 AM"
QDV1O29IXUS4,1500.00,Valid,"04-Jan-2020 12:13 AM"
QJ7OX2XQMPWK,1500.00,Valid,"04-Jan-2020 12:13 AM"
C8UZ10WOZ00S,1500.00,Valid,"04-Jan-2020 12:13 AM"
INLTO94A9HS8,1500.00,Valid,"04-Jan-2020 12:13 AM"
KEFDUF2CSU80,1500.00,Valid,"04-Jan-2020 12:13 AM"
GW8RFWBBXL44,1500.00,Valid,"04-Jan-2020 12:13 AM"
48UKGEEJG94W,1500.00,Valid,"04-Jan-2020 12:13 AM"
HE3IQTBWCWG8,1500.00,Valid,"04-Jan-2020 12:13 AM"
6DYUYKLAEGOW,1500.00,Valid,"04-Jan-2020 12:13 AM"
TNCT6LJMPQOC,1500.00,Valid,"04-Jan-2020 12:13 AM"
5PUWMGHCZS4K,1500.00,Valid,"04-Jan-2020 12:13 AM"
DSDQKSTCQ1W0,1500.00,Valid,"04-Jan-2020 12:13 AM"
4BLUO2EFZHUS,1500.00,Valid,"04-Jan-2020 12:13 AM"
4FDX2Y2T7T44,1500.00,Valid,"04-Jan-2020 12:13 AM"
BSTR250U1VK0,1500.00,Valid,"04-Jan-2020 12:13 AM"
A11LIVR5H08C,1500.00,Valid,"04-Jan-2020 12:13 AM"
K7SUBQP9PHC4,1500.00,Valid,"04-Jan-2020 12:13 AM"
GC0BTH3WXC00,1500.00,Valid,"04-Jan-2020 12:13 AM"
R5MKA8C8UASW,1500.00,Valid,"04-Jan-2020 12:13 AM"
ES0OZM95HX4W,1500.00,Valid,"04-Jan-2020 12:13 AM"
RWSWLRA6SJ4S,1500.00,Valid,"04-Jan-2020 12:13 AM"
HD35Y852YF40,1500.00,Valid,"04-Jan-2020 12:13 AM"
7JURYQHX7CCO,1500.00,Valid,"04-Jan-2020 12:13 AM"
H6RRFGJWN34K,1500.00,Valid,"04-Jan-2020 12:13 AM"
P6AWCX4CLG08,1500.00,Valid,"04-Jan-2020 12:13 AM"
3CSH7L625AG4,1500.00,Valid,"04-Jan-2020 12:13 AM"
I6ZIO3YIB5WK,1500.00,Valid,"04-Jan-2020 12:13 AM"
X07K8890R0G4,1500.00,Valid,"04-Jan-2020 12:13 AM"
HLDJ3S15Q5KO,1500.00,Valid,"04-Jan-2020 12:13 AM"
84BX8102R30G,1500.00,Valid,"04-Jan-2020 12:13 AM"
L8NAY4LS01S4,1500.00,Valid,"04-Jan-2020 12:13 AM"
E8U6ZODAN604,1500.00,Valid,"04-Jan-2020 12:13 AM"
5QOEHIPU9HC0,1500.00,Valid,"04-Jan-2020 12:13 AM"
IDU11NT56680,1500.00,Valid,"04-Jan-2020 12:13 AM"
FPXYO6SG6N4K,1500.00,Valid,"04-Jan-2020 12:13 AM"
EKJXRO82JJWC,1500.00,Valid,"04-Jan-2020 12:13 AM"
3OY837DHVGAO,1500.00,Valid,"04-Jan-2020 12:13 AM"
954P8BWEC7OC,1500.00,Valid,"04-Jan-2020 12:13 AM"
G227FQI924G0,1500.00,Valid,"04-Jan-2020 12:13 AM"
EMEMU7HL5A80,1500.00,Valid,"04-Jan-2020 12:13 AM"
7EIHFOULE084,1500.00,Valid,"04-Jan-2020 12:13 AM"
6AS769YQEBCW,1500.00,Valid,"04-Jan-2020 12:13 AM"
20A7GW0IQ5MS,1500.00,Valid,"04-Jan-2020 12:13 AM"
OQWD0SXL1N48,1500.00,Valid,"04-Jan-2020 12:13 AM"
23TPMRWRNOKG,1500.00,Valid,"04-Jan-2020 12:13 AM"
40OP1B1WL7CW,1500.00,Valid,"04-Jan-2020 12:13 AM"
FT1WKPBMPLSG,1500.00,Valid,"04-Jan-2020 12:13 AM"
S7U19UWZ4UOC,1500.00,Valid,"04-Jan-2020 12:13 AM"
AZM5GZJZTMGW,1500.00,Valid,"04-Jan-2020 12:13 AM"
86V6E65RJCG8,1500.00,Valid,"04-Jan-2020 12:13 AM"
GP2UN2CDW4GG,1500.00,Valid,"04-Jan-2020 12:13 AM"
36QW9OFU3PYC,1500.00,Valid,"04-Jan-2020 12:13 AM"
CTCPC9R0N3SW,1500.00,Valid,"04-Jan-2020 12:13 AM"
TU0QOUG43K00,1500.00,Valid,"04-Jan-2020 12:13 AM"
MT3GGZO5Y68W,1500.00,Valid,"04-Jan-2020 12:13 AM"
P1OON9CV8288,1500.00,Valid,"04-Jan-2020 12:13 AM"
8ZH0OVQ48JCW,1500.00,Valid,"04-Jan-2020 12:13 AM"
218FCPXDQ10K,1500.00,Valid,"04-Jan-2020 12:13 AM"
6WQVVQ8ALFS4,1500.00,Valid,"04-Jan-2020 12:13 AM"
RDY0PJCMBN4S,1500.00,Valid,"04-Jan-2020 12:13 AM"
